2 0 2
3 0 3
4 0 4
5 0 5
6 0 6
7 0 7
8 0 8
9 0 9
10 0 10
11 0 11
12 0 12
13 0 13
14 0 14
15 0 15
16 0 16
17 0 17
18 0 18
19 0 19
20 0 20
21 0 21
22 0 22
23 0 23
24 0 24
25 0 25
26 0 26
27 0 27
28 0 28
29 0 29
30 0 30
31 0 31
32 0 32
33 0 33
34 0 34
35 0 35
36 0 36
10 2 2
10 3 3
10 4 4
10 5 5
10 6 6
10 7 7
10 8 8
10 9 9
10 10 10
10 11 11
10 12 12
10 13 13
10 14 14
10 15 15
10 16 16
10 17 17
10 18 18
10 19 19
10 20 20
10 21 21
10 22 22
10 23 23
10 24 24
10 25 25
10 26 26
10 27 27
10 28 28
10 29 29
10 30 30
10 31 31
10 32 32
10 33 33
10 34 34
10 35 35
10 36 36
34 vf7f2t 24
33 g00k6e 3
15 92be1ebb 12
31 1fb389q 10
5 11134443344442 22
20 adec2e8 30
14 97243768 3
5 224320420401 20
24 4nem8g1 23
7 26400665435 36
35 1k5aw0 14
11 369938181 14
20 1236b9gh 5
16 1069a5a5 19
5 3114440341200 19
7 46642566663 30
36 rnwc1a 5
26 2402c20 29
22 2g9bbbl 7
35 9tw1m9 22
20 1e753g0 29
8 12322546253 4
6 543020421343 28
20 17if6b11 3
9 1346220882 19
5 1412214431211 6
17 1bag88d6 11
20 je5dhbg 32
24 92in8fj 29
20 c4bgeci 6
15 338b2314 10
35 3b4jwi 22
18 2cc58731 21
14 852500c2 24
10 1750947986 28
33 n780rv 18
13 2c228c11 5
14 8cd96a0 35
2 1111011011011101000011110010101 14
9 714151284 14
15 1d225359 26
11 663054815 16
18 171adfhb 8
17 366032e4 32
8 4421626033 18
25 1llan87 16
4 1000220331303122 4
20 6812706 9
17 c3gae6f 19
11 933109878 9
18 1fca1bec 5
32 1vogflq 10
20 19hg54i8 34
33 mna1eu 33
29 ip9s7h 3
31 k2er91 30
24 43f295f 36
10 1233153749 28
7 34540101530 19
28 2f1421b 2
11 a0346477 25
2 110011111110010010101001110000 27
34 1059so6 8
31 23qlml 34
34 tsxmhj 12
2 1110100100111111111011110001000 9
16 7a35f482 23
35 tfiywy 7
12 148784010 10
11 406771282 28
11 274075376 8
4 1022101220332013 16
17 2984g17 23
5 4000040232100 29
25 1jag0d3 11
6 443405350335 28
20 idf6ahc 35
24 7n56ghk 31
15 89630aae 23
18 28ch2ahg 25
20 iea4817 8
23 dhce2fa 17
21 df01179 15
18 21170e4b 17
26 2jk7eb9 35
35 x6geju 27
16 7214c08d 8
29 3op6nm 8
31 1opupg2 25
7 56365626442 12
26 54n8be9 29
5 10140211113213 4
21 kgk3c65 19
12 4a631a990 4
26 64kjnc8 7
2 1101101100010001110110000000 28
36 pll9wp 21
24 8e10ecj 21
4 1230100200333030 6
17 2e2673f6 23
6 131252244224 28
5 3104122343124 11
3 10020112111221010122 5
24 1h253nh 3
31 inrn1l 28
20 d7gf782 26
26 4dn9lgd 31
8 3745600446 7
35 14hq6ce 9
35 rbi33r 32
10 423482402 2
21 9g52i6k 29
18 be928bb 26
36 3qjes1 11
18 70ah88c 33
21 13k6k1ih 30
22 551h3hc 8
32 7ojc3v 33
19 e2fc5a7 11
26 4bfag5e 19
3 2210221212020222202 2
9 2802251675 22
7 33121443361 29
30 7e4qdh 3
30 16ggtc8 13
17 45cf4ee2 34
19 22f581ba 18
10 549911716 31
36 2f8b9b 22
31 15075am 17
4 1222033203211113 24
18 26545821 16
26 3jl7076 32
19 2381fb75 23
25 6m27li1 22
8 7417410473 32
6 543225442523 25
36 8k9mle 15
26 6bla5kf 25
8 15217234271 34
27 4eqdbbl 17
8 464207204 34
36 k0q822 7
34 mljx53 34
15 592a6734 18
9 1034838653 29
2 111001100100110110100100011000 12
4 231130320012111 23
28 2f5bqlc 6
30 jb22k1 14
12 47500831a 34
28 40b3dfo 24
18 cb14dcg 2
30 1j1s4qc 8
31 49ggpf 31
27 3349j2b 25
25 65m4gk1 22
7 1500246304 6
5 1124101124203 31
29 337kll4 10
34 18lrcd5 17
24 6mjbhbf 34
27 3gmdpp9 12
10 1505764625 9
14 14209cba5 34
16 3091b8a7 28
18 30ca13eh 17
7 55602004504 36
7 55153130264 22
36 9phe9i 20
3 10201121002010121101 29
18 d15b967 21
25 3kicn5h 32
14 12b625a2 14
6 454255412214 19
22 d706e09 25
24 f56714 35
25 1mc422 28
30 2b6al12 17
3 212012211210202012 12
6 201044400342 12
15 17755759 32
29 cabn67 4
31 s10f5i 15
10 1631615967 25
32 63108i 3
16 3fce7a8b 9
5 11030021122122 9
28 8dk4hi 3
15 844dc9b6 8
31 1dons52 31
24 9d8be71 11
5 12320402121223 18
20 1c7i2bgj 15
9 3086676606 10
8 17234561317 7
23 4ml53jg 20
29 365h9k5 15
6 323324554351 10
10 1219006001 33
24 adf4bb 2
5 10233101124230 8
19 1f5cghia 23
24 4gljg1d 14
35 984nmh 4
20 1c451bga 8
3 201000001222120211 36
34 g993x6 8
6 212522520013 31
11 3a008230 20
20 10db71e9 33
22 80e0ei3 18
7 23152460360 14
27 19efbm3 30
27 17lqbqo 6
28 k734lb 29
15 51830965 8
29 1ok749i 7
35 99nwss 8
14 11bb44c78 14
8 17420536606 31
6 320551020555 23
10 504496270 18
3 1202021021000001102 16
29 167jlg2 8
27 4hp6dbl 29
29 22p7cn9 8
35 5t5wjf 5
16 6a65103f 29
5 3113343104404 17
14 11db09091 27
8 5370106100 5
36 c8qysw 27
22 gjag1f4 17
15 7a69ed3e 7
2 1111000111011011001110011110100 16
14 12aa23008 3
35 bymdhg 26
16 163d837e 17
12 220022997 29
14 13c7cbdb4 22
22 hfeldi1 36
27 4mdjhm9 20
7 65055404151 11
29 nh2ffb 35
20 44efi32 17
7 53332360500 2
17 2g3ed924 13
14 98806b9b 5
25 6261hm9 23
28 1ighblp 29
24 2k2lk87 18
17 527d0d18 13
2 111000111001101100000010011010 19
4 1002032310033112 26
35 mm1dif 24
23 e07d9dd 7
32 p858tn 3
5 11322102343320 32
21 13bk5ef0 18
4 1011200311121100 18
23 966jaeh 28
7 103200644552 4
13 20658c5a0 34
23 akh2hik 4
19 1iig5ic9 19
3 12101122010020110102 10
6 435040415110 27
29 1cfflnj 4
34 evk0sk 20
15 72918ed0 6
10 366055738 4
2 101111001011000110000110000 12
12 83927380 4
16 4b863ad6 7
23 a7hl1k3 11
17 3b2e6ga2 17
27 34mhff3 30
31 183r9jd 20
5 2123432231342 35
13 1244b5699 15
12 6b210197 18
25 6dl38no 18
27 17l8bhp 2
9 4558643201 24
34 gqckt6 12
31 1o3a5ai 21
13 155c44b2c 21
6 211424443344 33
24 a8knh1k 9
20 1b0ebj4j 15
36 tkezk5 36
16 4f91be3 18
15 7a2382b6 29
18 d47747a 23
18 1ab1hcd3 24
12 436b13b97 26
24 8hicjn4 3
2 1111100101001001001111001110100 14
26 1ma3fbn 29
8 561053675 7
29 23kejq1 18
33 v27bv2 31
16 723b699a 9
8 6461215225 3
9 4083183421 15
9 2270042732 4
32 soqfr2 35
6 204413052243 19
29 1o8jg2n 26
11 732718348 34
32 fdkgh 26
5 12343340433010 32
12 317645b24 7
11 757522630 8
28 37ql04k 17
29 2gr4782 25
20 11be54e7 9
5 11034434414124 30
19 1445f9d9 31
5 3142431324042 30
28 44jpjq8 4
27 1jo8pbj 15
25 6midb8m 31
20 de1ah52 3
11 78a813689 17
30 237rjja 15
11 97869367 25
18 123g2d90 20
31 26ui0c2 33
18 1h8g213h 36
16 498d9721 32
15 b00d1b51 3
20 8df8h0a 2
25 6l4a4b9 11
17 be406b4 10
12 10b143401 7
12 7282b473 14
25 29ogi8g 30
18 2h2c102e 15
19 ab57893 18
17 3a46db38 21
12 7960a8a3 7
34 c24f9d 10
22 85dfj61 30
29 19k4lea 20
20 7459241 4
10 1462120338 30
6 253315444214 32
20 53i1f40 28
18 560f50d 7
15 6e9aadd6 21
14 855bad7a 15
11 2a913188 17
32 4e5u87 21
24 1jb69bb 6
2 111011101101011010010010110001 7
15 b56a339a 19
27 2p3ec73 18
6 231551215045 24
18 2558hh7c 30
35 123s0xg 27
16 14204e26 20
18 1369g8ae 31
17 3285e827 9
35 3txndp 6
8 2263423744 25
19 1231671d 29
6 451101512433 23
12 1510b7373 21
14 ac07923a 28
14 c180b00 27
33 vou9kk 21
36 tufmij 27
9 2773100363 31
21 1g0kjgc 20
27 24obi1k 19
16 74ebd7c 32
24 994h7ke 2
18 235f7fb3 31
10 1189487710 7
18 2c70254 31
26 2cok77c 2
34 1khmcg 35
15 6754714a 2
30 1akbilt 2
2 1011010111110100100100000011111 32
12 4b4437ba1 10
27 39qq7b7 11
31 27bmtiq 5
8 670521722 23
7 55355621442 31
25 778m126 14
15 9144272d 18
24 6mkm725 14
4 1231332021011032 7
21 g14a99c 6
21 a0fia69 36
12 459398292 16
24 4k14gi3 33
17 7ccd482 19
12 409274b86 26
12 2681554b 29
24 82hab02 7
27 29gb9fd 24
18 94ecce 20
22 7f7c879 4
17 41g66c15 35
29 i7jakn 17
24 6k93ng7 31
11 9a0a783a 19
16 58dd0bdf 19
33 rjo1ll 4
5 4134101120121 28
17 18b33984 29
22 f7c9fg 29
36 cw0ff6 15
26 3a6j3ln 8
30 3n281b 32
34 qwrj7t 9
16 ab9101 12
4 132213032133333 21
35 k7mwei 24
22 g05fc6i 20
23 aabji9m 2
12 4b9879402 36
15 52307c9d 7
12 260a6b069 27
31 1nu3qcm 22
6 431333214010 17
8 6474753064 31
29 2kem6g2 25
33 189rcgb 32
25 8957no8 7
29 3ahe1mo 12
20 daec20c 30
27 42baa8h 36
17 3gbbg4b6 17
32 74f91f 30
5 4242440440214 24
22 19149g4 21
25 3df71n6 20
2 111001001010100011101000001100 8
23 6eig7dm 16
30 29sn08a 29
8 11741343637 31
20 1h810f4 26
7 43011506022 19
34 5g3voe 10
14 12abb1a22 19
11 427172023 36
27 1odlqei 31
5 1244430213141 34
3 10212022102222101020 23
2 1010100101100000101010000110010 10
20 12511h52 3
23 ceemii3 7
3 10000021011110220010 8
9 533558414 11
30 1hne7mp 11
11 776059220 8
35 qn1wjg 20
6 21503330201 27
9 775014758 32
16 42a9c94b 17
19 6he3i14 25
9 5460316345 2
22 54gjeck 25
31 23mo7sq 19
8 15377767447 14
20 191g5a7 14
12 15420aaa1 4
10 2107265324 12
25 6d594an 5
9 2627540812 30
36 5kgml1 4
6 333455115435 25
20 19g1d2ic 33
33 g9tato 12
22 fkibc0g 17
26 26jo32a 10
22 bcjfd4k 18
6 230001525050 4
21 ibb48e7 15
4 220222020132222 34
14 31c98103 35
25 2njbmo3 15
25 6lgom81 16
32 1a1lv00 33
18 1d53fcdh 7
16 325dd313 17
10 727689490 14
31 1eaeh4f 36
10 724214391 19
25 7g4clk9 34
21 1a5e190 13
29 2qalp5f 7
15 b7855c8e 4
20 188e73j5 28
34 hv2f31 18
23 2mm300h 35
16 5dca8e3e 34
9 4047446245 15
21 20gaj4e 22
9 718153045 31
21 3jkh4e9 28
14 148829ab9 34
24 3dadec4 16
7 42466246440 7
36 6jpik 9
14 ac304ac3 31
22 2a9haji 33
15 5710ac8d 28
8 1564373363 16
7 66550106360 10
28 2qbqgpg 12
23 28ab5b 32
10 394174865 26
16 49b36a3 4
5 3222011411330 8
19 18127g55 8
17 2eecf2bd 29
28 3k03amm 34
13 139470960 5
36 fut423 33
17 73cacf7 19
25 4ggf3m6 8
26 3ln19nn 16
21 6951023 32
31 1tp0slg 28
7 65001520236 24
20 1ag36b1 9
22 25kd54b 20
35 7tj3xo 32
8 11753345732 19
12 25773a687 8
35 138t264 36
34 dfdosq 36
35 v277o0 35
17 2d328347 5
27 4d1ao8n 23
27 2b135d8 9
20 1609b6ag 18
16 11c88cb1 24
31 1irh0dj 20
30 1a6ojr9 26
31 1jnuj4m 14
8 16332206325 19
35 10arap1 21
17 81c546d 14
27 3apkc0j 23
22 76b8b9a 35
16 638b5fd9 35
25 gaa8a5 18
17 3193b40d 19
28 3jj5ap0 20
4 1113021210100132 28
2 101101100100100111101011001 5
17 f900cc9 25
6 520401543413 15
28 3nfdpe9 29
27 2kam1dp 31
34 108fhbb 25
18 gfced7 4
28 1ga7j77 15
15 3b69ecdb 31
16 328a8f30 18
17 3gdg605a 33
35 15n4kpk 22
3 11221210000200010222 11
10 1545438703 16
9 655363268 12
10 1636636792 32
12 260b13662 21
31 1ihnqon 8
19 1317fd36 34
32 17lc6fh 6
25 2kj66n5 7
33 708m71 10
20 5091517 13
23 97d5jha 26
2 11111111101010010110111011111 18
12 21123428b 3
18 hb288ac 7
7 20331316255 13
31 15m6gbq 2
20 166e926d 29
15 a069de1d 31
2 1001000111110110000011000101 30
17 24acbb56 24
29 1rjan40 14
14 cb578d0c 19
26 3obhlcc 9
24 be46n8 8
9 1016211083 22
26 3n190h1 28
5 10313324033130 8
24 8e32i8i 2
26 1h55co2 17
36 69cbpr 3
3 1010020112111111202 18
31 4qee3b 32
32 9r9fsn 14
29 1i77153 21
30 25n6adt 4
28 3f3ig49 35
32 1mo2kve 12
33 8bpbr2 35
25 8e63age 30
36 sn6xzu 15
30 1d2p0o8 11
12 66461b50 28
28 p2oe35 34
8 10171373254 26
6 515245211505 26
11 36241822a 28
10 109623904 23
34 gmk9dw 12
15 9aa1c0c1 14
15 8a35d2c8 24
33 b3cnm7 8
35 10d40c0 4
9 1021423665 9
13 b19b33b 3
7 64636605304 35
25 7jm4m42 28
36 xfodsy 19
35 14rspp7 4
34 rbstbp 15
36 o2q0qn 27
20 105e753 22
13 223cc4096 35
11 14a491718 20
12 b16510a 21
9 4282738432 9
14 167b046 29
29 3922eq3 9
7 14620331364 34
19 26g49e6 29
27 4ebdjfh 5
19 17ich167 24
8 13220632130 5
9 4767731207 16
19 1601gd3f 31
2 1000011100110010101101010010 10
23 a116kh8 14
12 3829707a7 36
36 e0sx57 2
29 a7hq0o 7
25 15f1213 19
20 aef5a12 21
23 10bd91d 33
29 6ogspf 30
7 44363060266 27
3 1101122111212021201 35
26 aip3ea 3
18 10d448g8 20
20 f272ja4 33
19 16ihea10 17
7 52413332526 34
29 2d31nsh 17
11 6299146a1 32
6 331034352321 14
11 8862853a2 5
26 49e84g2 16
4 230103002301032 5
17 5ad32gd 6
26 3og68kg 17
2 11100011001100111010001110101 13
17 1ga2aaa9 24
3 10001122111002102201 10
27 m147iq 14
5 12402023122412 36
6 242224404012 33
13 178c4503b 3
28 2l5oppj 11
23 474igea 24
6 345524404442 14
14 51c66d21 25
21 13gd0hdc 34
11 20a632953 6
32 6mtb4t 29
5 4202133201012 15
4 1030002002023300 19
15 141ddce5 9
4 122021213230302 2
33 1elfkr 20
6 310353525 9
15 5b2656b0 7
29 3a9r7g5 34
5 21031022204 2
2 1010100011001011000110101010100 22
4 222311000030000 35
34 194fe3c 36
18 19024414 2
9 304061050 26
30 k6ggl 2
35 on2xms 13
36 sdm2hm 15
27 4abdeg2 18
18 2d7f37ga 33
17 4fa4585d 9
19 4380789 32
23 27kib8j 22
16 79e3796f 5
36 je5qse 24
32 1ob6b76 2
30 2o36ma1 35
34 11avetd 23
23 ch88215 29
27 2b4i3dp 18
29 2786afo 11
22 2kb416d 36
31 qpj7c9 8
23 9971hji 9
12 1a433914b 33
28 45d61i 2
35 l0ttr9 19
29 rqhjc5 18
12 3b95229b7 17
24 2jc9j18 9
2 1000001110110110100110101101010 19
13 730ac472 24
35 acbfem 3
8 13423765531 35
32 9uqke4 29
13 3a16c8b5 31
30 12i031e 4
3 11201000102120010222 34
2 101101100101110110010110010000 28
35 9aca92 18
3 2002122112112211210 31
27 3qgnn2p 17
25 4dm082o 19
21 9cdh4fj 9
27 143h83m 3
10 1247883731 19
9 2282011834 16
9 4012622853 9
24 49h392b 13
30 16ljrp2 10
8 2577610005 5
12 32a462958 8
30 184qhjb 11
18 b0c73ch 18
31 9qbnlc 27
11 172684a6 3
17 27b5a3b 33
29 2d6nh2k 35
4 1111003303313111 26
33 u80053 32
16 50574a7c 9
26 4o9ekem 24
25 3ec2gmf 13
24 2jj9ie0 32
3 12021120011021110 21
2 1000110101000001001110100100001 30
8 10621742506 3
23 dlj4dlg 28
2 1111111001101001100010001101111 20
19 2757db1g 9
22 hj89344 26
18 2fa42bch 7
3 12000200021212121101 10
29 1poajrq 5
33 tdk6i9 20
4 1203131231033333 36
34 cpls52 29
29 15gninh 4
5 12212242313012 20
32 1of9o1d 2
12 4a3491b78 18
5 13312130402032 23
5 4313410020141 27
5 1101132120144 10
30 gf9gs9 36
15 64d0966b 20
33 sgjolu 23
10 1060421862 14
25 14o5b0l 4
7 65106522243 15
23 3b2j380 16
35 v3vkrl 16
17 3e2b9f46 14
26 30imb48 7
13 206b35448 26
10 1463960289 31
12 4b4514707 33
6 503322204532 17
3 2222100001101111202 14
21 gc0289d 10
28 2qg8ga8 14
29 2d1g7qi 32
27 5bc9h8g 19
8 11240542201 7
17 3a610cd6 34
29 2ok6b7o 24
6 404320252333 14
21 7k43kj0 14
23 4c7746m 11
31 kau5pa 12
9 2024325804 35
4 300202033032330 19
15 1d322e8a 29
6 333551023011 20
26 2k7goph 2
27 26do163 28
32 1h9p4bn 12
21 jkdkgkh 27
18 6fg101h 31
35 yls3pa 32
2 110110011110101010011011010100 33
34 1313f4m 16
34 isn1ia 10
27 11cedl1 21
29 3a0brln 3
32 oualrg 19
27 3o773o8 32
17 b29gf6 6
4 223322133012021 8
4 111112300321330 11
26 96o5h1 35
20 eh3a50d 10
27 4o42bbo 3
34 5u5b6a 27
24 l320h9 35
18 12cd2b95 22
10 1349903162 5
5 10413312312213 10
11 843824430 30
8 17005431703 26
21 k0kah2g 4
31 2574tui 19
33 3rhiu0 19
16 2276dca6 3
10 1370330974 16
36 uednkm 35
10 128706526 4
12 12896b76 15
21 hf9b20k 21
22 de8g924 31
15 16b1aad 36
12 320914074 25
19 a3i83b 17
36 uo8udr 27
7 63102146414 34
28 3jfmhdp 7
35 5x8k26 2
21 11521hba 35
23 1j537fd 20
16 40b424b3 31
5 311434241302 14
17 51gdded8 35
32 q64o26 31
36 z4axkg 4
3 2021020220201212222 36
33 5727cu 21
17 3abf4984 28
3 11100210111022212212 25
17 2dc34366 21
15 28d1b611 4
18 2b2b254d 33
12 4b563ab3a 17
3 2221020222202012120 25
28 3c32lg4 28
6 351303233522 35
11 509210488 18
17 30898217 24
5 13024230133003 6
20 1435bch9 17
30 joa2p9 3
2 1101001111011000101011110000000 29
31 8qd4k7 27
31 5u1fii 26
18 2c100g42 29
3 1021002002122000210 22
35 q8pddv 10
17 170b0005 20
22 7j5ia19 28
35 1168whc 4
18 36ccg2ag 33
9 1330585035 31
22 b5j92fk 26
12 433136549 35
2 1101011010101110010011100001110 2
20 16dcej66 2
12 300237726 23
6 323251510515 12
16 58fb21dd 15
8 10476025025 2
6 205332545250 6
4 1132300003230301 11
17 4fcc2g68 21
22 c1fbck4 18
3 12021222201020211110 24
19 16f43d74 15
7 50456052333 2
24 1n6l028 27
8 15351571264 3
19 1be93ac5 5
7 102360565334 33
28 62baqp 16
14 109d0b9ba 6
8 16061724502 17
13 3a04c2cb 16
5 241123011441 9
15 66e4cb2e 2
6 525504003003 8
21 2adb6ee 15
14 b191cd4d 6
9 3160723480 7
16 43086ff0 35
17 407ge1g1 23
26 10iddh8 12
23 6jmgm5h 15
15 74eaa3c 15
5 22020421041 21
32 1abssj0 22
31 19ai2kt 20
12 1b442b6a1 3
20 108he687 11
36 kl70g7 33
29 2en12b4 9
25 6d0ia3n 13
9 2010877747 26
23 d0b9lhc 8
14 1068a6909 5
16 24aad5f7 10
3 10011211122111201011 14
32 15812iq 35
11 10a8a0153 31
25 2j9nad5 36
16 44243bf3 3
28 cl88jn 36
10 44213678 25
16 2720bb56 33
15 76c1da9 26
6 231003431244 7
7 64234051064 2
27 5be62kh 3
13 236c2c8b8 5
11 8a4520209 23
28 1ljqbik 35
32 sgu25s 35
10 200168106 11
17 4826g542 28
5 411234214430 21
27 786h2o 17
2 110101100110001100001100010110 11
31 6q4rit 19
13 2483264a2 11
36 vz9jv 17
2 1001010110100110110111000101110 32
30 2fekh43 36
19 112c3d27 18
7 31443554040 2
30 1326k50 23
35 qf9c3u 31
16 5b783814 32
35 hvsgef 5
13 24b540612 25
5 10103001114334 13
26 5e85eel 34
4 1313032333232002 30
22 h1f42ec 13
27 49d850k 10
7 24135555642 14
21 ehbg8h6 15
22 4b26kf 10
20 j8f60hh 27
31 igtu7a 19
13 193c83a86 25
24 7bhm002 33
11 99116539 24
34 9aus67 25
34 1c7d72j 20
33 113kfhm 2
13 31b497b9 21
2 1100100110110010001011010111100 4
30 2l431gn 13
6 120544151433 35
12 3b6083119 20
27 4hkdl67 20
23 106hil6 14
3 10112002002100200102 20
30 23c8mp1 28
5 4220432133312 12
19 e5c39bf 26
23 20lkk0e 29
13 b0237891 36
5 2414334102102 6
30 2120lse 22
31 3h84hr 20
31 122u1kf 18
21 j0a0gek 26
32 c594dr 18
3 212112200022012011 36
30 1hgb64l 12
4 11002332113203 8
31 lsdl04 34
8 7244061471 13
6 121533150000 31
35 fap96v 29
3 2221112002112222020 13
14 1424a6426 32
23 54e735g 2
8 4742600777 27
16 ad5e431 17
11 757374395 31
3 11101122022011101001 26
5 13014112021014 34
21 d9hjfgf 22
13 477333aa 12
16 75c70b50 5
34 8fw9js 6
36 nk659o 16
29 7in31e 33
8 17006153375 12
26 1lgk67l 31
16 16f24900 17
36 f10v0e 21
24 5mhig17 17
30 hdskf4 33
29 2ggenre 30
9 2452013061 4
5 13122434112201 15
24 2ki236j 10
19 b364ihe 15
2 1100010110101100011100111011101 23
8 7744046423 36
21 8i0e8ki 26
5 13042120403204 25
19 1bdc8216 24
28 2qi04pd 34
11 5a158946 35
24 2797d02 5
2 1000110001110010111001011110110 8
5 1410414132014 9
10 1950698032 23
32 1bgg0a4 15
11 532713469 9
32 1i0kfur 30
4 1230101200313231 32
24 5gflcg3 17
12 1861288b1 16
3 1002211220001220021 17
9 3388562331 27
12 21424823a 5
17 5367gb1a 35
21 c03di2c 27
18 4147hgb 7
14 bb307ccd 6
16 2fb0c141 2
3 10112100000102210212 14
34 8lg2cg 16
8 14265752160 36
35 lwuqjo 2
36 tjvnrj 28
12 366921991 20
4 12010101003002 32
28 nb47md 29
30 11cilq1 5
11 482a07007 2
29 6jenh5 30
34 8hcuej 20
30 1852dil 14
35 90ptwu 8
15 4097b438 20
29 10ngk66 20
12 4b0644351 14
28 2b9kqr9 8
30 gb1n0g 34
10 1486343512 9
36 1r0v7o 22
11 939327868 8
6 340404141534 12
30 29kt4jg 19
16 1c74cb10 28
28 i5hb9a 6
10 969697310 23
18 de1hf4f 6
17 e1cd 31
18 295h4d30 26
29 13lo8e6 28
4 1231212013200 29
11 294391543 15
26 55pkg01 36
13 202758209 19
29 11i0gcm 28
10 1804997467 24
27 494k9q 26
30 esp559 15
18 331df5c6 18
25 56f5jbh 15
20 fea0ha1 3
33 arjpqb 11
32 12nnim2 6
5 11143340401343 24
24 4n0171j 32
17 1016f849 7
19 13ibgigc 35
26 6a44b5g 21
30 2f874g4 15
9 455105844 32
24 a9167mk 6
9 2601816864 10
11 894023271 15
28 10mh2kg 24
4 131213010213103 35
11 5a5490433 12
20 1d23d9ic 6
16 3f635e36 17
8 6515553063 29
32 1q01ns 20
7 33413530411 12
18 1g4edb65 17
22 cfh2k4l 3
2 1000010101001010111010111000011 18
32 id78gh 17
11 646404274 16
18 208f808h 33
32 13oo8da 15
31 12fmsfp 12
35 4b7vga 29
15 9281ae1e 15
10 1316841094 21
8 7762012643 25
20 8ed06j1 28
28 gph2q8 33
35 8j1gcw 14
36 cs23y0 36
4 1030011322221232 5
20 27bi615 24
8 3433021077 33
3 2221222220112112001 18
14 9c6d12b4 27
34 14k0mxl 2
20 ic34g9g 25
23 4kjka7l 30
5 13014432444131 14
36 tw8nve 9
4 1003123031200022 2
23 bmlia1e 22
34 1b980x0 19
25 6i793c4 13
12 3bb8b1445 12
15 beed6e67 5
26 673efnd 4
14 5d19b844 7
4 202310322311112 24
32 18puahq 35
12 264b99079 35
26 6h9h7pn 12
3 12111022211012002000 36
3 10022000112112112201 16
11 79860988a 35
33 ks3v5u 20
18 193bb55a 31
3 1002200202211212220 14
14 7a15cd8b 5
4 1212221020303212 4
25 1l51oab 27
25 4g24a51 31
24 7i77j9e 29
29 74e8gl 10
3 2001021222121211120 33
16 3b6ec1d5 4
12 235208664 26
36 ebtyzx 4
6 304503142555 27
9 2572755512 12
9 2026105335 14
36 6h9a0b 35
31 ekkje0 23
22 f4i10l0 12
35 ggy4q0 12
4 32302013100023 19
4 233331123232312 16
7 42600153500 13
12 2a7b33bb8 19
10 2113374671 18
20 cfhgij0 2
3 11222010120201001202 8
23 cl34mih 2
4 1330120320022312 24
24 8gbjaj7 13
8 7225561276 8
35 8d87no 35
25 5o25f2c 25
31 buior0 21
24 3m0gfdj 6
33 10mnmrl 21
3 12021101110000110202 7
15 aa309e8 7
21 j8ec1j5 25
17 240fd9b5 9
21 cc94j52 3
31 o3ggg9 20
10 601389074 10
6 335422250112 27
7 55132126140 23
13 17633c630 7
21 c1ch023 34
25 5k826d1 35
29 12c3b2r 28
19 1894gec9 20
26 689993e 6
29 18ke880 31
28 1844bm8 17
22 53c36eb 3
23 23jd95h 20
36 7moe0u 30
18 3ehggh1 11
5 12430234113122 25
13 c8b52ab0 27
22 22jja26 13
27 2hi82aq 28
32 1pl7v3n 9
14 151642542 30
12 3199337bb 22
17 e91cd1b 20
31 273fi9d 32
36 elmx69 17
16 38cd0453 34
19 i6cc083 2
22 d7c448b 27
12 34098b237 30
24 5f3j298 31
3 12001012122121020212 24
4 1103332221123221 19
35 h9ah7n 19
26 7g2nj0 6
13 37112a95 29
28 39b35lb 35
4 331123122100223 11
32 1ne7r3i 27
34 3i945 27
35 v8qud9 8
32 ljqjth 16
34 pijloh 24
7 36553623533 11
28 28j2f7l 32
2 1001111010110101001010100100000 7
34 en7k5s 4
29 133pe75 9
19 212063dg 22
9 4787237718 22
33 2agisb 27
11 740692784 5
12 60ba0b88 15
28 153hfm5 17
3 1002221020101220100 19
28 3apd5pq 17
20 91icd3i 23
15 7de9a18c 17
4 22033011120133 11
27 2igaogb 2
28 1ab826h 20
19 162g68e9 29
13 147682134 2
32 j5dntv 9
16 77ca1257 17
12 79646107 20
3 2010101122210021110 29
25 2nj4c15 27
33 1kt36un 27
35 nvgkp9 20
18 228dh5gb 3
12 3b07b39a4 32
9 3076385548 3
15 aa2d2c53 11
30 5880bb 11
34 g9hmkq 20
22 a5i09j6 30
33 1jj4l1a 16
32 78uvh4 30
26 5eao6e6 25
2 11001111011010101011001011101 28
12 352447074 7
4 1131010033133303 31
14 6dcc9c1d 32
25 6dc25kb 26
12 13630230a 2
20 16h1ggi5 4
23 dfdal00 20
15 47cda19d 3
3 211110102002220110 20
18 30a56499 33
13 3ac99880 33
4 1033002032223110 5
4 23001132231210 31
16 77629aaa 5
15 a097a96d 35
21 jbj4ij9 20
21 c2i2khi 36
7 60056126516 32
4 121110120133113 13
27 184bhoc 28
3 111010001210112100 32
15 56e50732 4
24 3g69ed5 12
14 499a0692 12
31 1bumhe6 34
11 5a4869342 13
5 11100001044043 4
2 11100100101010101010011111011 13
20 18gjh4h5 32
21 iha1388 13
13 2540836ba 34
24 eimnf7 22
9 722211688 9
24 31ae66i 19
24 79h2g4e 21
10 998133456 28
21 jd3k179 20
14 149d4d479 31
21 76daj16 35
24 92fjjl8 6
7 53106630235 29
21 107aj50j 27
7 4262120504 32
6 431512245220 3
33 11vu5ng 4
33 171ku44 22
8 7565075224 7
35 11betpu 12
21 igeick6 32
26 4m0km3n 27
32 1ci9gm8 28
34 101h779 7
12 30b1b2309 35
20 c8icegd 33
24 ah3j8i5 29
23 20fb8ie 23
20 18hb576f 16
14 8735d789 28
3 11001102012012100112 32
34 1750vfp 9
22 bg33134 2
17 46f83a8e 24
33 10lmd4b 8
34 spi85g 32
17 g3db81g 10
2 111110110011111110011110011011 22
31 1pp9gf2 18
28 17ki4rh 6
17 2e41cdf1 12
8 14662455266 19
31 kfb1ej 30
24 47k21b4 29
33 of3a3o 36
5 12120110304403 25
31 214qb92 31
4 112110213003133 29
8 14231647015 15
24 99m789k 15
6 401551325421 16
32 1gfl5k7 14
19 23icf3fc 33
30 20ms07s 13
2 1101001000100100010011001001010 24
16 6e97b399 26
2 1001011001001100111111100000100 5
34 uqdp2j 17
19 6ibh215 4
30 28m3rdh 25
11 6a3814866 5
33 opi11s 34
2 11011000101101100110011011010 31
25 5m2fmi 29
20 1a6e3b83 10
12 1b3075b7b 4
2 1111011111010110101001101110110 14
16 4b91ff62 3
16 4a5072b 2
34 lu58g9 5
36 hzdxsp 28
16 2a9a56b2 15
18 1b8g205b 29
6 430202352002 27
10 1602900100 15
18 40bdcd9 31
22 6d6dfbb 31
31 ljoths 7
36 j17kti 15
2 1011000000001110001011111010010 19
13 71b392aa 3
16 36b64d5c 26
29 11k8js6 12
29 22785sk 23
14 2b4a897b 26
31 1q3rjgs 18
15 8dcc3e62 8
23 42c223h 17
24 891b6e 5
5 12111210013310 32
2 100011110010101011011101010101 13
18 355c6db 22
5 10423042444122 4
34 bdfufq 2
12 18a213bb5 10
6 133350423502 6
17 3ec10gf5 27
20 1adjhj6h 19
14 45d8d9da 27
22 g9e0c65 5
3 12000100221122 14
18 1h4412d6 35
17 2dc63ebe 20
26 3m411pa 34
19 19a8bb0c 3
3 1011221112011122200 9
13 26508c37c 22
36 spfzmi 24
8 5240251427 19
11 740643787 3
14 53341360 31
36 ie9gv7 33
9 2568813563 13
23 ebeaae7 10
17 10c4fed2 5
33 1bppaio 20
32 c90884 28
5 11310230304014 12
30 ji1thq 20
28 345r3lr 12
12 2aba61019 32
22 c0bj934 3
12 135b076b 15
21 j2ce9i9 29
4 1313002001000110 4
11 661089436 18
27 3el6ebh 23
6 530434512104 33
15 1443eb68 25
2 1111001010111101010010100011111 24
21 10k01g8e 25
23 bk9975a 10
17 3aa98b8 24
14 3728c5b9 3
31 1t5aeqe 29
3 11221021220000111 2
18 20341d6b 10
18 2ebaa45f 21
34 17x2j38 33
11 84a117870 7
13 109a8b2 17
20 ai6f4aj 26
25 1ennm65 5
4 1111021021002233 11
26 o9h9f0 15
21 64hj1j0 7
25 870934h 30
4 21003013331220 34
27 3528q8o 17
2 10000001100001111011110001000 35
11 990800043 15
4 1223231102123121 35
7 14440034266 27
2 1010100001001101011110010100001 34
28 2qf6be7 26
3 1121222111121120212 20
11 4226602a8 22
27 1liked4 36
21 7j7kag9 24
7 31444230345 24
16 6f803d2 11
31 59j7sd 11
34 xgeuu1 12
5 3331112403144 22
15 861c34b1 15
26 1b9k2ap 18
23 jilc5i 10
17 40fe88c6 10
31 kdhm0k 2
15 7795484a 23
12 23aa55013 19
28 1omo63d 34
14 a6277c40 17
9 2030081581 10
32 ikla4u 34
23 bh3ki1f 10
30 22l17bb 27
27 3hcdbio 3
32 1uutnua 26
13 aa08a9ca 24
34 g2cq33 18
17 1da0e936 8
35 whsdcx 31
3 11000102000120221 23
14 d905767a 13
12 14b987829 34
4 313210220111033 17
22 2jggjjd 22
17 2c288471 2
33 c8vr87 15
24 71fk724 13
18 1032717b 13
9 4836840046 33
5 1442301230142 11
18 35400639 23
9 320057180 36
23 3eml767 15
5 3414234102012 3
26 3j0mma9 20
27 kfkba8 34
32 a0hjoj 28
36 mco1kr 4
28 3fj5qnq 19
27 88agfl 3
23 4l39jae 24
9 3556732648 22
34 6iq1hu 6
32 iqi6a7 33
18 12ca27e8 15
21 6132jcf 33
10 958524653 28
12 23184288b 11
9 4784504447 7
27 26cfj62 11
35 dl6i6y 35
25 71g7jbc 27
24 1edl3a6 32
23 b65lmf 19
28 neqdkc 32
14 5d245879 32
29 kscnkm 16
19 2548b854 6
22 db8f639 7
5 2300242312133 13
32 1kh3gkr 36
20 a45if2d 34
12 2a4ba2829 22
16 60162ce9 27
5 3212012332032 15
28 3jf4ni7 28
22 e86ae1b 7
26 1gdfj7g 16
6 512350135242 24
29 2h1i1o8 19
31 19bc53a 26
9 2618503183 8
9 3837615622 18
8 10314125037 35
36 kokonk 15
2 1111001010111011000101001000101 9
32 hfistj 21
21 kbd2aa0 8
34 1a6t126 18
12 4458b926a 24
18 2a1a176d 13
36 6w0yx1 31
31 ib9m3r 24
3 12102010220121220011 8
28 1m1cqd8 28
25 9a9ael 5
17 49g822bb 13
9 3524235043 18
31 12bgfhc 18
24 afflga1 18
25 613la7h 30
24 2395103 12
26 3em5mpf 18
21 4dc7690 29
2 110001010111110010000101011011 19
25 61nh5ji 15
28 52216b 28
8 5610212554 19
23 digi5l 8
24 1fm8l18 9
19 ddd9i73 31
12 b428a014 32
27 2dmi19p 16
16 6b34134f 24
14 897ca7c2 22
9 112825283 9
4 1332020003021322 34
12 1ab978297 20
2 1100100100101100000000001100 4
15 3c046565 5
15 50b1229d 36
23 ccl7mld 15
27 1foqb73 34
34 otdjn0 23
28 7hmp0g 26
34 5tqb1o 20
25 2dl11j9 7
21 33c6cad 23
18 5f0egda 6
32 7i2v00 23
23 eah370i 13
12 465368826 7
30 2gjt0pm 34
25 6e40f47 35
9 1047432168 24
17 21g415de 6
34 1bfbw47 15
5 13132334421222 18
28 3337hhg 5
17 4b461fg8 3
13 209396857 25
11 303406385 15
31 2cgpp0r 35
25 5bmkcn8 24
17 3g039cg8 16
3 2101010011011002212 11
19 122fhh80 8
36 skqdar 27
10 480073800 33
9 5437478518 10
25 1824787 2
6 442201311420 29
17 1d4gca14 19
32 1vsfbj9 11
15 aad145b 11
33 1rdb02 11
20 144b5dd8 18
7 12211642454 19
30 23151ah 33
7 44616500301 21
20 6090094 24
16 26b3ef75 28
19 19iifh1 16
9 343262022 21
4 321322211202021 25
29 sn49nd 32
26 41oa8b4 12
36 h7guuk 11
36 ndnkp8 5
7 22556561254 24
12 13a202594 35
2 1100010111001101011000010101011 31
36 mhe6ip 5
12 410a5a202 16
18 31dgc4db 6
18 ed912hh 12
8 1357553520 25
21 b1b1247 7
2 10101011110010000100010000000 34
4 1220012200002221 24
21 jke054b 16
17 44234d46 34
14 b96d2532 2
20 14hfh850 30
34 vn3jmd 36
9 3304073402 5
33 9fwuik 22
31 252o26o 14
35 lte9ll 7
12 30a04b8b 20
4 1222310130301113 4
13 25b81a179 23
23 cj1e9cd 19
5 13103332113302 19
17 49264955 15
21 cfed74 18
6 32301541530 35
31 5p89qu 20
14 127d9135a 3
19 19iiad1f 11
15 4e207561 2
5 132224314330 11
26 1a6jflc 5
18 35829f4b 12
5 11134124032242 9
20 1caih25d 7
18 9425521 30
28 32rm4np 26
24 2b05ka1 20
8 17574113267 18
33 1c1j2o6 31
10 2042524436 27
35 tdbn1t 6
8 14525031630 10
32 1eap1m1 22
13 1729c964b 17
3 1220210002020202121 35
17 1d00a424 32
28 4a1q8aj 12
17 4g5439gd 18
26 1hcdlj4 18
4 1213312132223311 33
11 479563a0a 8
12 1ab9a7a91 23
19 8235ge 22
13 239500133 5
8 6065763216 14
12 4ab240901 6
16 3d7dfceb 4
5 2003202104014 28
12 aa733883 21
34 340g5c 20
28 45galn4 18
11 213a54a18 14
33 47lp4o 12
36 fvldp3 26
27 ec5i86 13
15 147a90e6 19
19 101da41e 34
27 14l9ehd 6
14 756a5dac 36
29 3cpc2hi 8
6 344505152223 2
12 74732851 23
10 478824097 21
8 1031143300 23
36 s6ipmg 26
13 47837b37 28
22 fg3k34h 33
17 25730547 12
11 126982721 35
16 44c00bd0 32
32 1b8faqm 28
30 187934s 23
14 116a973dd 21
27 11le9kn 28
15 a0411a2 16
11 522a11599 28
15 55ac21d9 26
22 73ki4c8 30
4 1302003301230332 21
13 2173155c8 14
33 1de9t70 22
36 cbhilz 5
27 32n34dg 21
19 277341eh 4
11 619546360 36
25 7jahk47 27
25 389e406 16
31 n5d9jn 32
13 13972693 31
20 a184471 17
33 igq1at 24
17 4c9d70f9 19
28 2lr7o2m 3
25 6bfajan 6
30 1rcrb5j 20
20 3h1f6bg 12
23 3m8jmki 11
32 d3j1ri 36
9 3442555568 30
16 39cd6f1d 35
27 i49qed 32
13 b046b261 16
3 11201202202001211 29
3 101200002212102210 25
36 muoeqh 19
16 53cc6692 29
26 1i6ico7 10
11 430127184 8
30 t612eq 33
17 104gge17 6
12 1055b2bb4 34
2 10111101110111001110001011100 28
13 113aa8cc 35
16 4b0105ac 13
7 63563644361 28
27 4o3d863 24
27 1m802n2 5
34 pt9t06 24
29 1gshjip 29
13 2291856b8 23
19 21456fb9 10
32 dhvggo 6
35 krtbyj 23
9 1865371684 24
25 4if8ebn 7
20 g4668jb 15
35 ia72xg 14
16 401eb327 33
28 1o51pgj 20
21 bihga8g 18
8 7472426704 7
2 11100010000001000011010 26
8 7746511103 14
21 212f210 21
35 10gnfjs 26
31 16apgst 27
29 llg337 26
35 21iy67 5
10 1753626340 8
33 10ip6ll 25
4 1102112331201023 2
36 7as7nk 29
24 6h7e5kf 28
29 2edq8e0 20
7 23016344145 17
7 35106205106 11
31 1kn7e1s 5
23 57lai5e 6
34 19ux1eh 32
31 dsaij2 10
27 4dfmplc 34
25 78ml6e5 18
13 19140a27 8
25 2k1481k 4
24 a1c7bi7 9
22 e6aif4g 36
13 1c205b07c 4
10 204259102 26
30 3fo9fp 19
34 nx22rb 18
22 15fhaaj 25
27 318g19k 33
11 304a54677 10
9 722150021 10
32 1j8vdhd 31
22 eg78he3 10
16 38e87f00 16
4 110003003221001 33
8 756627623 5
12 1243492a8 30
14 8091dd6 27
6 423441245131 8
4 1222203110312220 26
30 5rf28r 16
10 1629919084 19
22 he04c41 8
7 45204103445 17
27 28dhf20 27
34 5b4pm4 25
29 2bsij7n 9
21 1gdbg3g 17
12 325a00aa2 17
20 101h3h7e 35
10 1635245341 15
17 4105243d 7
7 41366406135 7
23 2ch7efa 11
6 311300341145 4
30 elct2k 20
22 db533di 36
24 662hh81 36
6 134323410051 33
26 3i7ai01 29
9 834424370 27
10 2017669146 2
27 5c0jh4l 14
7 65162660133 28
28 2e6d4pc 30
18 d1c794d 29
34 voe36e 13
4 20321101031113 30
12 188b25934 6
25 dmhjj 14
28 2ffq8fk 16
4 121230203121121 18
13 b799c4c4 30
27 359f1jc 2
30 2l2dm8o 13
13 5a28b206 18
35 v77cpt 34
14 9125d927 27
35 nrc4vb 6
16 40223209 5
2 1101101110101101011000010001000 29
22 b50797c 7
25 233j666 24
8 5216377601 2
5 4114042430331 17
15 7de6929a 16
6 152412423342 32
8 2315772312 17
4 1213213310013332 17
4 1110100110321332 23
9 708813881 12
11 919256274 10
27 d4qfa9 16
30 eqrfid 13
23 a68hkh 17
6 340024513222 8
6 425303221243 7
3 101201102021120110 26
33 j2q3nm 28
30 2g2m8d5 19
29 2nh37qm 14
13 15522ac52 13
31 6a63fn 24
12 3a9927898 15
18 228dh4dd 3
6 221425454210 27
12 44912ba12 11
35 qk5vx 13
36 m0vqpi 24
36 syuteu 8
28 3mc2naf 27
34 13f1lo2 35
6 113525103051 7
35 hgysj2 2
18 3206998 15
15 14e17a35 23
17 bg3c4dg 30
28 35e8mag 7
28 30hmqrl 20
10 295465250 33
19 1i5cc79e 36
34 13ufkh2 5
11 778a96a32 5
32 c90evh 24
32 1n4clvp 28
5 3003412033420 30
15 64b395d4 12
34 5agn5i 28
25 5k7649e 20
12 4493a9342 31
21 10g2f35f 19
7 56213046425 2
28 1pnhqc2 26
13 27322190c 25
8 10154136460 11
26 310gbgi 3
33 csmvms 34
24 5f5ag0f 6
14 71280227 29
19 229ggbe7 25
35 10g2x3i 28
13 1cc7c2b71 13
34 1b056tg 33
33 1ak12c2 27
24 1dcj3bf 26
26 2phh905 24
25 2d1gl2n 24
11 675918608 14
19 261e1e1 3
10 1980559966 32
12 433029b88 4
11 14046a630 10
33 12n1f0t 33
24 7amn65l 4
23 3l9jgfe 14
28 2qjqi0f 5
27 229opnf 7
4 1200132002113320 13
36 x7xuae 6
12 231030754 10
34 10j8821 28
11 9320a2a97 3
35 v700mo 34
16 7bb41502 9
3 12110121212120012011 13
4 1320203222113213 14
28 3c9jnm 15
3 11000102200022002121 5
30 hkmmm8 17
32 1o68mv0 33
19 i8ibc5f 23
15 bbde3e64 36
9 4454840454 30
10 472114187 10
12 23b64684a 7
17 479f3aaf 5
24 b4lmh9l 8
2 1111100101110011001001000111001 14
5 214343223014 25
32 9cjfk 33
23 63d54l6 13
6 224252554521 15
21 bf5k2ji 25
5 4043343212302 6
2 110111110000110000001001110000 4
14 a5dc70b8 11
35 kn9pry 10
29 dr555g 25
4 221310313203211 32
25 lj7efj 7
3 2002111011121201100 21
23 1161hjg 32
20 7jbfbi0 17
2 100111011111110010111100110 29
31 1k33kr8 25
16 727052f1 25
12 1a2a19b40 33
3 10110220020022212111 18
16 788b7fd2 36
21 33bd38h 22
14 6c87c150 8
19 5c41dfc 27
24 9ff6gnl 15
31 nsioem 11
30 2pr5tqh 29
11 756340522 23
6 404022034125 21
12 379437b83 5
14 1a0439a0 2
8 11316231030 27
36 8e76bb 16
13 23522b12b 4
8 11457562755 9
13 175b20c15 12
31 m95a82 31
6 2340331335 25
29 65panb 26
2 11101001000010000100111001011 4
21 3g0je01 29
32 1gli8ud 30
34 agwoqe 26
32 16fm3lb 27
24 36jn46 24
27 1b6h93c 25
10 1195691347 25
35 3iltmv 11
9 1648866630 29
23 dm717hf 16
28 d6g0do 19
2 100100111110011000001010011001 9
25 37h8e3e 26
24 46d6li2 16
5 10211144421142 36
4 1033002202212123 3
8 15751446015 11
33 1lh0ggs 34
19 155c4236 23
13 1991cb5c 17
14 1672ab6a 15
11 401880449 26
16 17e23bd9 29
13 12750a12a 4
29 bdcqjk 13
26 14a5ga3 31
8 12633033743 36
18 11hh91fe 22
10 1466591812 9
25 4f574la 15
36 nicz3p 34
25 3gmhnd0 26
7 20055413260 32
21 123ee80g 29
19 24hfag89 34
9 2467447276 19
5 13200124231211 31
28 14egmp6 31
4 1003323221220221 11
11 222a53827 16
13 24090510a 5
23 bb76bd7 29
12 4014a3b22 7
34 svg8mo 12
26 5ppdcb4 33
22 f260607 13
22 b83h46d 16
9 3238457027 10
9 4111457168 7
35 iu0lnr 6
18 23dea8g 15
8 242660241 27
5 12031140041311 19
22 d3j367h 12
2 1011111000111111001111110111000 4
32 c8eg7 35
35 1211ykk 11
32 550apl 23
36 ug3o13 26
30 2meo0p8 36
22 2274l0b 11
10 1154661862 36
9 3550876328 24
22 1e0j1aj 29
7 2021002643 17
2 11011001111110011010101000011 34
34 8jrgw4 14
16 65b5eeae 11
6 20551132042 8
26 668k1fp 7
6 454532122133 26
12 235663b96 18
17 36ccg224 2
22 h9bk35h 14
10 1538671576 6
25 1doaa3l 32
31 1tl2o8i 16
11 40503039 34
13 12099a13 6
25 1em13hi 33
18 37bfh0fa 5
2 101010111000110101111110111011 19
11 7710a848 36
35 t8j5i1 9
32 12l7955 30
18 28022808 25
24 5mkl0nn 18
11 212373760 17
8 5060304060 36
5 3222000304020 20
6 104104311210 3
26 j5dl1e 3
34 14m0a42 13
20 11j85fai 3
31 2beecn2 36
25 nihcni 16
6 43032405152 17
28 3qk1m1o 30
36 8gp8wk 22
18 23e7f27f 19
7 26641532225 3
12 28a9a478 28
15 54d1299c 27
35 mppbuy 31
31 l3trbb 7
22 ga91d8c 23
31 1jtpej9 9
26 14569a3 7
7 66464644151 27
30 1e5q3kr 6
2 1111111011100110011101110011011 7
10 704961867 31
33 13bjgn3 2
26 4o2j5dd 4
32 37b4ie 6
3 222110110200121012 24
6 5254431313 26
33 nkvi55 31
29 23r1rr2 22
9 4216412486 12
36 l62qwv 36
7 33602603332 2
34 8rqt1 17
7 20112663624 28
32 1bkn81u 14
6 240101411045 32
3 2011110002020210202 22
12 25aa23177 29
11 3a1a2080a 14
36 9gecbw 10
20 4f38h40 28
32 1le74me 28
18 16190ad6 23
6 141432454524 2
35 gqxfri 33
33 15u1ka0 4
17 12a7328c 19
9 521883810 25
3 2210120101020112202 16
24 ak9c23a 28
27 1iq7e53 35
10 1481119756 16
28 1i3q55 5
13 148b2bb6b 24
34 1cabvda 33
7 35102406014 14
8 753277732 21
15 bb67ad2e 32
5 4312001101112 21
23 ah6aj71 17
28 4421m17 33
33 k6e639 34
28 24p10o1 4
29 2mss3bn 13
15 72d6e62c 16
17 29298ba0 20
32 132ip19 21
4 30010120213132 32
33 1b52goi 17
21 81ca5ch 23
13 17a0ba14a 30
20 h5h4ae5 23
6 452250213153 16
29 ri5h4n 20
28 10rbc2l 15
3 10010020001022111021 26
33 agtuuk 22
23 e26fcf6 36
8 14022772036 24
4 1200132233132320 34
10 1213430638 35
21 9c6i10j 19
31 er239c 21
24 76bm8me 32
18 eec5fd1 14
9 487042272 31
18 1fh798fd 11
34 g6qk2k 33
13 b3c87162 5
24 a97k8k7 11
14 592d7407 16
19 5471dhi 8
17 8566f7 21
28 43kefq8 36
35 140f8ot 27
11 710443012 6
17 1579acgc 28
17 36275c89 4
18 9ddec99 35
19 f7gb85c 12
36 ngyohz 17
20 daidcad 6
5 12124220011243 11
5 3122122301024 2
16 276ee25f 11
20 ge3h070 14
7 66161223310 26
36 jhmap8 16
29 20dgh2i 35
3 2212012011112220102 17
11 35964a926 2
6 242532322433 35
27 11n8bc7 12
19 192cf9c7 24
17 1362gdca 19
14 13b09d5b3 4
21 hic7hk3 16
3 12100220021212010222 35
2 1000110001100110011101111000101 30
36 yhzrw9 5
30 17mk8m6 15
11 19a344427 25
22 3akde9c 18
2 1110110101001000111000100111011 12
25 36k367b 2
2 11001010001100110010111101100 10
12 33373a3b6 29
11 88589300a 33
27 4nldm77 33
36 mcnrge 28
33 nmfnup 13
6 212024301455 31
22 ecd1jk5 2
34 4mnqms 36
21 ebge5da 33
14 15b44639 31
30 1kebb4 21
18 hd33980 4
12 53637987 5
10 1757946950 27
15 8a6a3e27 10
13 135285133 13
23 8c9adb5 18
15 4acec94e 35
12 4a1874220 13
24 37e861h 7
20 16a2if0a 4
12 234604075 24
16 31c9974 36
25 57efbh4 16
3 112201122011020221 26
26 1jhlih7 26
23 1id41je 21
23 a28jh00 22
7 16154404555 8
19 c30h07f 6
4 1330022132132000 5
19 240g61b5 31
10 1258929444 10
12 2b25aa5b7 34
34 153xve8 20
15 2705c36 20
26 1a47g6g 2
17 50ce32g6 30
32 lhd1ll 11
9 1485207336 18
8 16605440046 16
25 3eo65ab 30
30 1l7jcpa 14
2 10011010000011101010011001001 35
27 3fpobmn 11
27 a5jel5 29
2 100010100100011100000000010001 6
6 1155331443 27
9 2841182600 7
18 2c23gcc0 17
9 1682250855 11
7 42526225003 22
28 2ra7lg3 8
20 23ai12e 16
16 120c337e 22
25 7idb5db 15
21 eai76jk 21
7 15222434215 28
12 16a493339 36
3 1110122210221011010 31
13 ab466591 19
16 3a0821eb 26
10 1189693346 22
4 1211003303200010 26
5 2432232431201 7
3 12112021012221100110 23
32 meh56u 27
28 2b6pp17 6
34 wkhsk6 29
19 1b0b588c 17
31 etr281 30
16 3351b714 6
13 67052c2a 22
22 53hgbk7 16
33 rf6h46 27
31 8e3qhn 6
12 690b8337 23
27 19p8o6q 25
19 ch610b7 16
27 4ca0344 9
13 110c95061 19
24 7k5ch01 7
21 4d2k1k5 18
31 21104un 12
10 1092460009 28
12 2791a648b 31
31 2pi6pc 23
35 cs8ctr 3
17 24aab0cf 35
7 65053625232 19
19 134ih18e 2
32 qj60k1 31
12 32b27127 30
22 eb5i209 33
2 1110110010110100010111000010001 31
2 100110011001001010011001110 26
15 b8e5c562 6
26 2a379np 19
18 2772f83f 36
23 474453d 35
24 8bi5bi2 3
26 36lk26g 3
22 h437ii8 34
24 b1ji7ni 31
9 4533643474 24
7 101155623320 11
11 14a66164a 21
19 243g8410 18
16 f674edd 22
32 1j0g7ph 19
24 ac0hn6g 19
30 208cfhk 27
9 3786747288 22
26 38leinm 15
24 9e5m05d 23
3 10101100200102011200 26
23 7bidcg2 18
29 20q42jd 4
6 232231033453 16
24 8a20b3a 32
11 3a1622502 33
20 1947fid9 14
24 93fhn32 16
35 6ls9db 8
11 518529430 4
13 1b8165aa3 5
16 5a7c5c58 14
12 1180b2511 35
19 16f5gdih 25
36 pofi4l 33
18 5ca01e3 12
2 11000111100011000000111010110 34
15 650742a7 12
22 631b475 15
20 17i975id 34
11 8823a9691 20
23 548i541 30
16 78d969eb 28
19 17480g0h 2
29 kg74sf 31
18 13a8117e 33
34 1b7600h 17
4 312013322300122 16
36 24bnu1 20
4 1013002000300311 4
21 11bjkb3a 10
24 96n7ejf 35
3 11021022000222022200 22
22 a9l8i1c 32
14 1365d990 9
16 78ebcf37 35
24 30em262 27
3 2101112220020212111 2
36 glc7dn 5
21 31d54b6 2
7 60505113662 32
25 4f6nihd 36
2 110001111010101010001001011001 3
35 i2kh1g 19
19 14d4igge 36
31 1lhhqu9 20
21 212a78g 19
3 121102011111212221 15
27 3a8dp50 2
14 14393856b 2
10 534010240 12
15 4dacdae9 29
11 414659143 7
33 shnmfs 21
34 bjokkc 7
11 12536a03a 11
30 11hr4sf 35
28 1hri870 9
30 jo5ck2 8
15 c197c971 30
32 18eocnh 17
36 y1mbit 6
25 6he9b51 21
8 3316131066 24
2 1010100101110000101111001100110 24
2 110100101111101100101011001100 5
31 ofdlme 30
27 1b1oq72 35
36 jbq89u 9
6 55000150042 5
27 107dl45 26
6 444110511044 17
17 3e941dc8 6
36 mcj947 14
35 pqv3yi 34
4 1032210202110030 8
18 c2d02c3 26
27 4456bq3 12
27 3180h6d 30
3 2011101210220001011 4
23 50ijh76 11
28 3bj3fme 23
26 30amii 29
34 e9lgts 32
16 7f818889 18
29 1pdrbsr 33
7 32214151234 22
23 7h9dd1a 26
33 v9jw2e 23
36 j90m1f 31
9 5180568515 34
19 380638i 9
17 3e32dc78 33
28 gm5qj2 8
19 12954dif 33
31 21fke1t 20
9 2261702737 36
29 kfik1i 11
20 1b30e18j 13
21 1ge3h97 31
6 214120140133 34
28 1mj2pe8 5
12 370a4179 36
29 21ke7dg 17
34 mvwf9h 20
17 52b97dd0 32
17 33b68062 36
23 e9hfff 24
17 2354380g 29
10 437987832 26
22 ih8b7c3 21
3 2111112200220101022 23
6 232101210244 6
34 16vjq6q 35
21 j1fd5h2 22
9 2731664167 29
17 fg11e62 20
35 e1r59t 10
24 8k71hl8 33
12 3139b579a 6
33 pieu48 16
15 7534ab33 23
12 3a3568a47 18
18 21cgc245 31
14 1a3d3602 6
33 5k2k57 19
29 3dr4j3g 26
9 4658153781 3
14 b27590d3 16
29 271i2ga 8
2 100001001001011000111111001000 7
11 768656547 15
12 37589a59 24
3 2111002101000211210 19
30 191lr7l 22
20 164h73ac 14
19 1gh06c2c 19
18 28354bbh 27
24 7421c3k 32
21 e452g87 24
17 633d388 3
31 c0o7jd 14
13 71a17ba3 25
35 c2g61o 34
31 26gmbs0 16
29 3b62qo0 36
11 291566900 10
6 254141025505 20
16 659d4216 24
20 130590aa 12
33 7k85b1 16
29 320lpb7 8
15 6cd1b763 11
10 1047496770 34
16 3d6f00bd 7
10 478403372 24
33 9eft0b 26
24 916gkif 19
26 2emce6i 31
36 npzw9q 30
13 11832a832 29
21 4dkbbfi 8
16 2443e9e9 30
36 zci7j1 2
31 qohbfu 12
14 161c43949 16
30 2dpl0q2 8
31 1qm6jns 26
31 hjosbq 20
4 1222012110322 18
6 352540311105 28
29 277f4o8 4
17 4d06g4e8 21
19 2384fie0 26
9 4531062885 32
23 389j86a 32
20 1806jj9i 5
33 1ktdk2j 26
20 115i236g 22
8 17535233230 22
12 42a430a03 3
14 11bbc21da 6
9 615445142 30
32 s5u648 18
14 a1b4872d 20
30 133dqdi 13
5 11433213011214 15
6 12001533450 27
22 4k959h9 29
2 1010010110100001101000110110111 36
11 174141726 3
8 7516633176 8
23 8g362j2 18
8 12005642067 14
17 36bd03e3 15
2 111011001111100101100011100110 8
20 icijdf8 8
32 1v3vsqg 8
22 hibf2k6 31
9 1746751258 20
9 3231444535 32
15 13cb4883 27
20 1483jj0g 33
27 4654o90 22
11 826936214 13
2 1100010101001001110010010 20
17 410d30f 32
32 1acvd1n 6
35 a6tx57 15
29 l6jg31 20
13 25107c490 10
30 2p9kbi0 12
7 11214431445 34
23 d12hbf3 33
16 29f12e77 28
10 234645650 24
32 g67acr 23
25 2ledi92 19
33 ptt6bc 19
26 2mi5oad 23
10 1756225561 27
24 4886le7 11
31 24nmfcg 14
28 3n6hb46 11
13 1a011774b 30
8 10320156125 24
30 2272m 15
22 cgbaj5i 13
13 8c2ac420 12
8 6736144305 14
20 1aij94dd 21
27 1b225ho 23
22 4add6hb 22
26 n23ia8 16
35 x2fojh 17
22 dl8kl79 33
3 1020012101112011101 11
31 170lah2 2
6 332055250315 19
18 372fefcb 8
14 ddb7163 34
8 4231726557 31
15 b0923a8c 14
16 3181c523 33
11 12613a166 26
14 15cc2098d 24
9 3550325240 31
15 1db29b4e 3
29 2klb4k1 5
15 9b45b01d 7
18 19112517 4
8 13747704707 12
34 ca7jl5 12
5 3330414441341 23
24 8k630mg 4
13 9ba2513a 15
9 2415178711 29
5 11303410012344 22
26 38hbi86 3
25 1364hec 14
6 135315043530 32
15 cd1d82d 8
8 5162565260 5
11 857758aa5 34
36 7f2sjt 11
17 11eg612e 13
8 17333377326 35
7 30502401320 15
22 b078ef4 6
28 217hcrl 34
19 15fhad1e 28
23 dk43ak9 36
17 3766870c 4
8 17470723305 28
9 4213176238 11
18 e265106 4
10 328640186 33
12 410915785 11
17 942f8g 28
30 1bm5f44 17
8 17343446412 22
34 iw2f7d 36
5 10200331330430 32
12 424566060 24
12 12b9a53b3 31
33 bh4b80 24
18 1484f1g8 7
7 100642321050 16
30 21feh43 34
12 3a0805409 9
5 21141121120 26
2 101111011100010011110001000001 7
31 1efbqm5 25
29 49i6a1 32
16 1e7be120 17
17 71bc47f 36
19 13h2ehg0 28
24 11jjj8a 7
9 3872072140 36
12 7a065522 3
14 28abc16 2
24 aehbn6b 29
4 211311010121302 25
28 2ce950q 8
5 1232243232010 36
27 27ah9p8 35
20 16j189f7 36
6 420303215144 21
25 4ic1a3f 29
34 klteh5 30
6 111054434130 26
30 207b01c 27
18 276eh6f8 22
7 51655016163 31
26 6fe696o 20
33 1l8t185 25
11 7a63031a5 8
11 171403089 12
5 13041200211041 16
20 b39bj9e 35
19 19fi7807 35
10 1815964915 29
16 2195959b 17
18 egca9f4 10
5 4430333334231 3
17 b60973b 27
23 7e0gfdd 28
2 1000101110010011101001110001101 11
19 225a64e0 15
33 dl648i 11
23 5g9ih6i 34
26 3m99a52 4
31 1uo1tp5 32
18 f69530f 9
21 e0g2gd7 23
17 34043g9 35
5 1402031303044 35
28 2jcp9o0 15
33 n3m9rw 24
33 akn4re 21
29 2mk7mj6 13
22 7fjge0j 35
20 112f0684 3
27 ih68i4 27
35 18qo1d 36
8 15651217421 22
11 165318124 21
24 3b9k777 12
14 24c289a8 12
25 5n2f2l0 23
33 13jdr04 26
22 hcii4el 23
15 b6b007b3 23
2 100011000101000010101111111011 35
13 1b2125559 27
6 451341435344 12
7 4644624530 15
24 a1b4e8b 6
14 b3372433 11
26 17569jo 27
20 473hgg5 14
3 1000220100112102212 13
4 1231300002321131 17
16 668c8a9b 27
12 422b95b74 4
4 1021213212132013 9
11 997068381 19
27 2pmj1c7 25
25 7ao0900 28
31 1q23gcl 13
34 14jbe8b 20
26 1jo7844 15
21 d9e1280 33
4 1213121312221321 18
8 5643276101 31
2 10001000111011101010111011000 26
12 1680a3822 27
6 352215202501 7
31 17ppro9 33
31 1lnh3pb 28
18 2a24b99f 9
32 1mtnjjk 19
3 10022102202111010101 17
23 80h2le8 3
30 1am2ith 4
9 4025214058 7
3 2002102212010020 12
2 1000010010101101111110110111000 25
30 1bgottf 34
8 17511076112 24
26 f0p7n3 16
23 2j7e9a5 9
19 4ha130d 36
4 123103132100100 31
21 g0d0070 14
14 72b61221 34
28 bnjpli 16
28 3jq1995 20
33 pq8shv 24
6 105120255351 16
36 mfcs5b 11
8 15150110431 34
5 10404333403230 16
14 db5502b4 10
36 34k1b2 23
23 4f397gh 31
24 1nmga4j 33
8 7301270015 35
28 2344h4 10
23 8365hf 27
2 1111101101100011000001001110100 31
9 371068372 19
16 1a590bf2 30
6 20352241551 31
32 1hrk8ft 30
5 4244212430442 4
36 1lewh 36
33 1llsv69 6
32 15aej7p 16
36 8lh0gc 18
15 aad209c 4
19 27b79egi 19
31 15591oi 33
5 2132434303421 21
26 1fmndg2 32
13 17bb301a 35
14 a6798818 24
15 5a84a21a 14
5 11430400310031 16
6 25550054512 29
34 diwsov 13
13 11b2a6153 19
34 rxoobq 32
27 10gdeqk 22
12 46884b037 11
7 46322123213 17
30 2ka9kgn 29
18 ffb3b06 29
36 d7edvy 29
13 262b87637 7
22 be4b23i 13
12 271037094 16
3 10220121220101000110 18
19 5g4cc11 6
6 142242035220 6
8 16421177371 19
32 1em46u3 3
13 74362a12 27
28 2hq7j8p 13
17 172c2574 10
28 8mf7j2 3
4 23023111210212 13
33 r672a 13
33 fviab5 32
17 3f123694 4
15 7b381abe 33
35 fwfbn5 20
31 1h0cpc5 35
21 eah6bg2 21
26 5hm7gdd 16
6 41302215042 17
34 1ctxdgt 19
31 15a2jup 5
8 16047362126 32
30 1j6nkoa 36
7 26623155616 27
22 filabkg 26
34 d5wf32 12
22 98c06jj 28
6 111144104140 23
10 1293141633 27
34 a7dicd 19
11 905685470 18
33 1j1p6ak 22
22 7ec50el 10
24 17942kf 33
3 12200000021002211 13
24 3bhdlg6 20
24 8i6f2je 34
33 u58oc 21
17 a62911g 17
30 1r2d3qr 9
19 6h2bfb4 23
2 101001111001001110001010110001 3
26 279p2bi 16
22 82i9b84 25
2 1000100101010110111010000101010 34
15 5b79d8de 6
9 3232134865 11
34 pub4co 11
34 htsspb 29
24 7jc24h5 14
14 54786901 29
11 1080a5305 36
5 1241124342142 36
33 52g1n4 10
13 2aa1075a 23
31 2cikieg 17
28 2mbd29o 6
19 2510bd9c 27
12 424bbb001 31
5 11232023021201 17
10 2017768499 28
2 10110010000110111011101101 35
34 ik8il6 5
8 17007101612 15
10 439732084 25
35 7xe22t 30
2 1110110001011101110110010100100 13
20 1d0jiei 23
20 19807gg2 23
17 24221ae3 4
16 23274ed1 21
16 61ed744a 12
25 d5ccma 34
20 135bcce5 20
34 b07fw2 36
27 ig77bg 7
13 1c1a26a75 5
5 11041144414041 25
14 3d44310a 26
25 9km7gj 17
34 17qn844 6
15 325689c9 30
13 17867b8a3 34
15 59d0c66c 27
31 jf0dlc 3
34 4nqhhq 30
18 29071e23 23
18 2cb0h7hb 10
15 4b9ba56b 24
36 nmnnoi 3
17 20fd8ea9 5
28 1h50mei 26
16 7e604932 22
4 1011132023302120 26
26 3k0cpa0 36
25 6necj8o 7
8 6731070701 16
21 12d774a1 6
2 100000111000101001110010110000 13
9 856166117 7
35 jursrd 6
35 147pciw 32
30 1gkl4m8 31
21 8g4hk04 36
36 krpwvm 18
9 2063008865 21
6 411224353221 30
34 a83hge 17
32 phtnr6 13
27 8ikl2h 13
29 2j52g89 11
36 okmx1u 2
24 7i8l03g 28
31 14kk3lb 29
13 159b39177 11
14 a92b6b6c 18
10 1831831134 15
36 6zc02b 17
33 1eb1g0b 15
4 20211000002003 28
17 23da7ga4 7
26 3l4ndk9 28
11 243126721 15
12 22a79a370 36
31 28m7en1 19
30 2c2rtq8 32
21 a67a9i5 33
3 11211122001011122001 33
31 1oe4ttd 30
3 12102110120101020000 11
9 4435354537 9
23 dad99f5 8
21 e7550cj 34
8 16743727735 23
4 321200121221203 18
7 11344144015 24
25 5n4a46e 33
15 46aeb2b0 31
16 46432fb0 14
32 13p5aev 19
11 8a6614a56 36
8 3416021650 15
32 1rght70 6
13 ba333041 18
18 2b3bf935 25
16 553b460f 4
8 16076416543 31
28 1r97o6h 36
3 11211101222002200202 32
32 9bhk6v 24
15 aa6b07a7 14
27 10pq8qk 20
14 b8cb4d28 24
22 965efil 20
21 i6d4911 4
9 2632331816 29
14 48c37a70 23
6 425200411535 2
13 17a92913 4
32 1inetiq 32
18 151e98d8 35
3 200200121012020222 12
14 9d8091c5 13
8 13303547520 13
9 2807735120 18
9 27032303 33
7 24612616103 21
21 ji6h787 31
20 1065a41c 7
26 1pai4mc 22
19 132eic1a 17
2 1110111110111110000000000100 28
19 iibf73c 16
35 mnj899 25
4 131003002033031 7
6 13043011535 12
23 bik96g7 7
7 1564164415 32
16 3e7f983 10
25 73a3flh 2
16 7de3e690 8
15 863874de 11
9 3542705262 33
7 52311001203 10
4 1123122313211002 10
8 11262453301 7
6 233455122521 10
17 dg78eef 13
35 ve8aof 16
29 fjgnnr 28
29 11b8o0b 6
29 3fljkll 27
16 684cadb3 26
28 391qa8j 23
23 c6dafl0 30
31 16papsm 27
2 11001001111010110110111111011 4
14 7164a32a 22
19 14497i97 17
18 21386267 35
15 3cab1c6e 12
13 210353599 17
11 286857a67 24
5 24101433422 4
7 35545520014 11
15 421bac27 17
7 12263463532 36
35 koe650 3
19 14bi01ei 20
35 121w9he 29
25 1do1cfg 6
3 2201020002201001111 4
22 be0h5b3 22
32 1u8jog0 16
5 11124131123100 18
15 b65309aa 10
35 vinprc 17
14 7acdd207 29
26 2fdaen1 30
24 3khba1m 11
34 14i2h6s 34
27 1eak4n 5
26 3cj5hd6 21
7 101353631354 12
35 11iqfro 31
17 4f72a31b 31
34 8309ti 33
3 12011100102101122122 20
35 cxwidb 32
13 276482745 23
21 63c1269 14
12 61b5a999 23
34 rm9i0r 11
5 13110133120324 5
36 49cl6p 25
11 808206a18 18
19 1e4e3eic 11
23 8dl509h 26
6 311344240250 3
8 10177600441 14
14 12b9db646 27
15 bd226d04 28
25 28n0dam 24
19 213gg132 31
17 14984405 15
25 9k5n7o 24
21 b90ae25 10
35 g0wpm4 8
17 460g58fe 9
11 297697a20 13
33 1lcmip2 27
34 2ktqkh 34
11 80a178337 30
29 3fpaj2r 10
14 16a1d52d 17
14 59c683d9 33
24 2j67am 19
14 c16db225 4
34 wmku6f 3
28 3jojkl7 9
6 20423453503 33
18 199h7h57 17
28 2r0f914 21
25 70i97j9 18
11 14a6987a8 28
7 66035350346 13
18 aag15b8 35
17 23g446ae 7
20 g8f6d2i 34
10 1444915157 5
25 8de96ec 3
26 6lg7npp 2
16 413f91b5 10
21 8553j70 13
27 55i66o9 21
34 3mkdta 15
2 1110000001101011111010001100000 34
21 135h76j4 15
31 13iq469 29
3 11010202121211022121 18
34 157kboj 35
4 21323323002331 29
23 5df109a 15
33 848m2s 12
34 t84a0e 32
12 491a022aa 35
35 27w8x0 16
19 2iggd46 26
31 28ce8bi 8
6 221435220255 10
19 21bg94fb 33
31 1karkao 12
32 77k18p 22
5 11203111232443 22
18 2aba9f0h 7
13 2451b2543 28
27 emcdoh 7
10 1162308736 5
24 69ilng6 10
10 977770463 20
30 22fcdr5 35
5 3120403103021 7
11 181a54783 33
29 360mm22 11
23 ab35bdm 12
24 727f7bl 2
23 37ajk0h 6
17 1ec6c803 22
14 3db68464 15
3 10011122200021212211 28
10 902123659 22
18 2g45ad3c 8
3 12000022202110222000 5
22 60lei9e 9
2 1010000111101110010110011000111 23
15 188de26 26
13 27407769c 4
33 jh10kl 13
15 27eee44b 23
6 540035451013 25
30 1rhlsbs 6
3 11122101022210112121 18
21 j2f191a 7
32 1fab512 15
12 270359695 36
32 m7m2q1 34
9 803587772 35
26 643b8gk 11
25 7a8d1l 23
3 10211120122102202022 3
24 9de7cmc 26
24 9af51ha 10
35 395j4t 26
10 1815684095 11
32 7jet6s 16
15 9a522892 13
36 agph09 36
29 obqlgf 5
20 he93bce 7
25 29mkmmh 23
10 1055866359 23
36 wabsa2 16
9 2738507032 5
16 65e1e181 30
19 7191fh4 4
10 123707292 11
22 521edbl 20
29 2onoh07 33
15 5334aab3 30
21 k8003jc 5
19 5f86efc 25
16 1b3cc854 15
16 517057b 27
17 35gd923a 23
28 1f03iik 16
28 qoq7rf 32
6 222322424230 20
35 10oika5 4
3 111112122122022001 32
4 1201320202303131 35
15 7c60de78 19
8 16167655421 8
24 62dm3n7 20
3 2120110110011120120 22
10 1909639513 20
7 42502405254 2
28 2q9qchr 5
9 3360768132 34
34 19kelw0 12
23 c4936he 33
30 4m3tc6 26
29 3edc0ho 28
26 4bick08 20
30 1nermrg 19
30 q9nb9p 18
7 2123620662 18
12 196557586 22
9 416516507 20
31 hprpsf 32
19 c9288e 23
32 u76lf6 27
21 da559c 7
21 112jhgfb 23
16 11173649 19
3 1122001121100100120 10
16 50d3c6cc 23
20 hh9a9fj 36
18 hb0ad8f 11
23 b3kgbj5 4
17 426bfgce 27
15 1029b5d9 7
10 328021853 20
13 145299132 29
31 etd9pt 10
18 30h4ba55 34
26 152nk5l 12
29 a09m30 18
8 510723557 34
30 21okje1 32
28 be0m29 12
8 17343213752 34
35 sp2i7h 15
19 7530b1g 20
11 876066a20 28
9 4026710281 32
15 a4b9a786 13
6 300231320333 36
16 44e809e5 31
20 13h77jdg 34
16 5061e9f0 34
6 40453100152 5
19 i643331 20
6 431042535214 31
26 1e2oc49 24
13 308449a1 13
20 12i69399 10
3 10001220220121220020 23
14 c3306271 21
23 7dgi991 10
16 61dc69e1 33
8 754040442 5
28 2rfl1jf 30
26 4a0li1m 36
33 16bo78 16
21 4f80gia 29
23 6lfa1jk 12
20 179fhf51 32
29 1j6b92a 21
33 1lgdle0 11
14 12048419d 20
16 136c2aa9 29
25 2e473nk 36
21 kkbg12i 26
32 1086out 21
26 1idbj82 33
20 1d92c7a4 2
23 akbe8k8 26
8 17445212310 36
7 61535100223 24
5 4130344204121 35
16 611036f9 7
7 23110336666 21
21 3520ghb 20
5 4232123200444 9
24 aebfeim 15
23 3ba019e 10
23 6ik48l6 17
25 d5o53i 33
3 1221210211100102211 14
31 8rnlcs 23
3 11220010201210021202 25
25 28i9kni 6
4 30302212210100 23
30 rk5dfm 35
27 533gbfq 2
20 1d2j771c 11
11 576065875 27
31 s2ku95 18
17 g9g8045 26
13 83804325 15
22 48blkb2 19
31 1b405d3 19
3 202120102111200 25
33 1gflafe 3
26 60p3plk 5
22 gjj5djb 12
19 21iedc3d 4
33 1fq6a7d 35
23 h03592 28
9 2353175727 26
2 11111001010000010011101000000 34
3 11011111011221111121 30
16 c362e0d 2
33 b4qh57 33
34 1685vdx 13
29 1jhqhch 3
28 3pm9khp 7
18 2ce7fege 16
8 11214564325 24
8 7721137541 11
9 2238004767 4
24 addb2d4 34
10 1279818148 23
24 a77l22c 19
25 5maabib 23
23 3ffeflf 17
2 1001000101000110111101011101011 34
19 178f2120 7
11 3a7659988 30
4 1103333110330131 30
18 251202h9 7
7 2320635106 12
23 dh74k1m 3
23 dhl9kbc 21
36 s44kt5 34
17 466a3788 24
36 41m0fc 17
30 9endje 31
14 7b31494 35
2 1111000001000111111011111011001 24
31 1setfb5 11
4 200120033211213 11
32 rt01no 19
8 5607172557 31
24 4ihlj4 25
24 351dd63 11
4 1001030011212321 4
10 828262508 24
11 2922a7076 27
24 3h5nk3 12
7 34112222332 30
13 896c7700 12
32 t4ue6s 31
33 qlb89u 22
5 3303010022340 6
11 64719052a 2
25 16j2n2i 30
36 4bulrh 24
24 65hn755 8
35 2kcr3i 23
33 1994w9v 18
34 1c3f2xp 13
17 4458e2a4 33
18 f2g70f0 12
33 mp91a5 3
36 507ska 22
3 1000102111112221111 13
36 ox7ai7 12
22 71k4954 22
3 2010001021101200121 14
30 258tpkn 13
15 3d7a91b6 19
4 220020112233310 36
13 5218b3bb 21
17 264da73b 26
17 2g1fg1g4 13
8 2260703307 35
10 1375720806 19
13 26c245c69 21
11 8227a8061 9
17 40gc1290 30
2 11001000100011001001110011001 14
9 1024745603 22
10 147494879 10
27 3kdooen 18
3 211021002201100200 5
30 29b3s25 5
32 7bn82j 9
30 4hj66h 12
11 7408a1285 32
29 39b9glq 33
5 13011114442022 33
26 42m5n5p 8
33 evg65f 8
35 9c0isa 7
25 7nhihh3 32
29 12e3dqe 13
2 1111010000010100001100100100001 11
5 12314242441334 8
33 11afj27 8
30 8e399o 3
2 1001010001000111000000011110011 31
24 71i24l0 16
13 11bc40229 3
20 11c1h88g 7
15 723bb2d6 17
6 342514104130 33
26 2cof8dh 6
8 5505236652 11
32 1s9plv3 34
13 49b9558 24
14 cd73307a 36
6 344512002410 29
11 870420a7a 13
4 1132233210330213 9
25 9fhkee 15
30 2e7ne55 26
32 1lr854a 28
31 ammda8 10
23 b8ghge0 24
29 206hcbb 3
12 222836483 11
29 a4ko6r 2
34 196eu7c 23
22 8a7l8il 32
21 j0e3g3 25
18 1780585a 31
33 3cbtbg 3
29 1f9kiph 20
33 dlqehq 7
15 7c58b9dd 19
27 47qaaqi 23
3 11222200021201021120 5
18 7b4d09h 22
5 2332044144101 30
24 ad9ci3n 15
26 45ic3kn 28
30 1c9i82m 10
8 1500341361 32
10 1546028977 19
2 100001010001110010011101011000 36
11 14882a374 13
18 ha6g2eb 25
25 5h3akdb 21
19 13aa4h34 2
3 101122010221001200 29
23 7a0f6am 25
28 15p0rfn 27
31 gr7q0f 21
9 1013672301 12
17 28cg9172 19
32 16s5c61 21
4 1132000233032232 31
18 382a910h 15
36 cpe470 22
28 i2f5e2 7
33 afbd8p 29
9 2510065477 27
5 1203304220344 24
14 7b95a263 27
27 3163e04 28
34 1c013hn 35
22 2g6klke 7
18 1a620c27 5
25 4kk5mfl 21
19 62fcd7e 22
8 14610635011 11
10 1757469723 17
4 211331030113232 11
36 2if3q4 21
7 33252626111 4
21 a586527 26
10 513654890 36
10 2042535596 24
31 2332hts 13
11 82952096 13
21 5a9ikcf 13
31 rpog16 35
8 7345335367 2
15 226e174e 23
31 11cfpbk 24
15 967bc228 31
13 8c787b89 15
7 101601023062 5
7 3414340663 3
23 alljf5g 3
32 1qb8uc0 9
4 11210312113330 34
23 5k3bg4e 20
17 741cg1 12
33 17enu8v 10
3 11010011212222100110 28
12 76187408 9
33 ps2per 14
26 5ikb3bb 4
23 ccf8he0 35
23 4db2f9l 6
14 48755303 23
22 25836b2 23
32 1d32km5 36
28 3p5q1k4 3
25 233312j 4
15 46e4c869 10
10 1278424495 11
35 10x52hu 21
12 2093a7798 16
33 1avi5wj 8
23 405dk67 35
23 b0i4da2 33
11 435a058a9 15
29 1rbhm5i 33
17 13937332 6
26 257m2be 14
34 3uqt77 9
32 jt7anq 20
27 2h1j1kh 9
31 1rtdr4o 4
6 240234123301 31
4 330233011221231 3
22 ca04j36 33
7 53112556122 8
10 526866920 33
25 5884h81 36
6 250014513114 21
35 r8xnua 34
5 4142444434444 18
9 214624526 12
31 omt9le 18
29 2naelf7 27
25 2l1o9ko 30
32 cpikgc 9
12 1a23933b7 21
25 8ga3mg6 23
17 24affae5 14
22 hgdf80k 13
3 1122000001210221120 27
13 166990567 29
8 12464250626 21
19 13491ddi 19
28 2ef1jfa 19
26 nkp8j9 9
18 28h754cc 21
18 h721e 8
29 260e9gi 5
20 7162ff7 24
17 23gff334 8
29 3bqpogd 3
27 3d08he6 5
34 57rtwq 27
25 73oc23e 14
32 1c0i30m 25
27 5867fcb 16
5 1012443132122 15
25 b1hbej 23
18 17cga2a8 35
30 29ki02c 20
34 cl33jt 22
9 77716832 35
3 2102022210221121001 7
17 42cc419b 15
2 101001001011101010101001011111 24
27 3cc61hj 34
13 27820947a 17
22 8alaha0 17
27 94oi58 21
2 1111111000010011111101110011001 33
17 380da9f5 16
21 i3a2703 23
6 122525452335 5
12 2552118b2 5
12 213445605 2
23 3eg86h3 32
34 sfmu0j 15
25 8d5e0cg 30
5 12100243134304 7
24 ag4l8ee 9
10 2063796020 17
23 cedj7fa 14
14 b0211c09 28
19 f9c9640 20
4 130133112012002 16
29 6rfmn6 2
24 1migfdd 20
10 1413345998 18
18 82dhfdb 27
9 4180054271 33
26 37jmkha 11
29 12f0k4i 17
25 3309df3 25
30 3k5605 33
8 10413527402 3
19 182gfb55 2
22 21dbba 3
19 22fg90e3 19
22 hkb6c0b 18
15 4dcdb2a6 26
29 318cs5m 24
6 251352411553 5
10 1433055390 34
32 1qljp5q 3
14 a9c7cdb3 8
33 1kqwdmo 33
20 h0acjci 6
13 20b059979 21
28 2cq863d 14
3 11201010000122100000 31
5 12422113242403 27
6 153043343251 26
12 2b5764725 23
8 16670767411 3
15 7b684b07 12
5 13104031200112 36
17 2e57b518 34
36 btiqnu 8
10 687080013 31
16 78eba85f 3
32 mvcj3b 15
25 6ogi6gk 27
34 7n2rjh 23
17 500bf756 22
23 a60m6f1 25
29 18s4lka 17
28 331fcrh 17
21 88a7hd4 14
6 323415533501 15
21 6d6ke80 25
30 fjo8ro 4
27 ja5k1d 18
12 10b81b675 27
25 69j1khc 23
22 74259ga 32
11 521a68aa9 24
17 90d93e7 25
36 10yw8f 21
6 323212035310 5
28 1d2n3ki 2
8 4731436635 31
8 16546560707 2
13 249265b0 23
12 182131319 27
2 1001101100011001101001101101101 27
3 11021212210200022110 5
9 3624758453 21
32 42lmr2 25
17 2b0d1de8 27
7 46351410306 35
21 e9a2fa1 2
13 1a694bc40 32
31 1gqo4s0 13
18 2cfd8ebb 10
15 915cddb0 14
31 1tprg7e 7
12 4799a7686 18
15 88c27450 12
7 22552305455 24
23 9hmjg8b 15
16 731e1999 17
20 i4815i 36
16 444bfcfd 15
22 d80fjd3 36
21 106ke1e4 31
4 113022310323113 32
21 d14ea0 4
24 4bdejk4 26
9 33127225 17
18 2fb3ah8g 16
22 dh27706 24
11 191294427 34
21 9eb58aa 22
30 1kcm1ld 13
4 332111310212130 26
11 622816642 18
28 2r9ehm0 32
24 82dcg25 9
19 23c19eg2 26
18 2cce770 34
5 1344020220034 4
17 3bab6e81 23
28 2355lgq 2
30 1c9k0kg 32
36 79yzrs 11
25 5lhih7o 14
11 163489254 30
25 693j2fn 13
20 j975jc3 3
32 1khlfs2 31
25 5od60ch 18
10 1067600200 35
12 39b9a533b 8
12 3ab70a525 21
22 f35bje 24
36 p5iynl 2
20 12e8hb84 3
32 1p1c290 2
16 67d11ab4 14
20 hij1ce6 28
7 20246666521 28
15 96b59b6e 5
27 54b88j4 2
27 39jolmp 4
4 133203102231333 13
35 ci80e2 3
12 21091b488 3
3 1221122102102101 16
35 12osop7 10
15 80ba685d 33
32 1fva5mi 27
14 139600047 30
25 hjg5cn 18
11 991932252 32
30 2i7r8s6 15
23 23fdk7e 33
9 4203238146 23
27 9qkjjc 9
23 1m0dh67 19
27 7qmkff 30
23 67ikic 16
10 1584967689 19
10 411045536 9
32 4o1sd8 2
30 nnqapa 7
30 cch6ng 31
11 690399903 36
30 2ij5rpg 12
35 s2g5yn 19
25 82oll14 4
13 2007a1577 24
16 5990f8f5 13
23 ae3dam6 14
9 4842570672 30
13 2000b96b6 27
26 294kh93 30
35 ymqk7 13
11 769607582 18
23 7a6emlk 9
5 3030413330120 19
8 2077321 26
4 3320221231200 26
9 1600228623 33
5 1343140133410 13
25 400a1l0 25
32 11fe78p 27
15 1cc074db 12
13 1a5434a3c 10
25 1hb59cc 2
34 278sp0 24
8 10111347303 31
2 1001111100000001111100111101001 36
4 1120300212230131 28
32 16tvi6q 34
9 267178186 13
16 375cdc8 21
28 1bolk5l 15
30 2bel8as 18
5 10033444424313 22
8 17704260271 8
2 1101110111101000100110110100110 6
34 avvo5n 20
3 122021001221012202 32
7 26451063042 22
23 k49a4m 3
7 53065050065 27
16 4ea8a709 11
2 1110100101111111100001101011011 21
32 bmn7dq 22
2 1001110001011110101111011000101 14
9 665155082 36
26 1kkl34a 27
24 87minlg 7
5 411322040301 8
27 131g6gb 30
11 337934550 36
31 1glilam 32
11 925337483 11
33 74qjah 36
30 2fc1c5o 36
3 1122101220002220000 15
33 5u5u1j 27
2 110001110011000111100001110011 4
10 1462099336 35
28 2iqjei 24
5 2313224240332 16
10 970372231 23
33 okshat 20
25 3fh6k57 5
9 3832774103 25
29 334fpob 6
7 33625263216 15
34 hvf3ml 3
23 6cfag6j 27
29 14mfb41 8
27 5dqd5pf 8
18 30h1g77b 8
5 422200221012 24
23 19j00d1 7
21 ecf6g9 33
26 20j2lck 35
27 26678k 5
11 233568129 15
32 vatta0 8
30 o0442 16
4 1002131231333021 26
14 1012c41a3 19
24 693afeh 18
25 7a5e8c8 4
21 4hbk6fa 29
23 9eh18lc 32
29 30pc5sg 19
9 1882757168 8
26 fd66bp 24
22 17118ib 13
21 igc9g7k 22
7 3452352433 15
27 47lck8g 25
4 1313321100202023 18
19 8932b2a 11
4 202000101310112 7
11 836861499 23
4 333232320210210 30
17 4b3dbfd7 20
12 2381811ba 31
23 1be2m5j 13
12 316a1848a 24
33 1buk7lj 13
33 rab2dc 23
3 12002000202121011120 23
19 20c92f37 7
28 28g65pd 7
14 1283911b9 22
29 24pd3da 6
18 67ha9h5 2
6 425122414023 34
28 29g7a1l 26
5 11031344033110 11
18 30ge6b52 6
21 aagki75 5
9 1013124751 18
34 jp53lx 32
13 235979185 7
18 2561bh8e 30
10 1454513833 16
26 2npf76o 14
13 7ba226b3 16
5 130002020331 2
33 14qckew 31
16 392008ed 13
28 24r4lk 24
34 18ovxhp 28
28 2i3qhma 27
11 393a47373 10
34 i45rnm 34
15 83529c59 13
13 c67098c4 4
26 32g0i9a 5
31 1qjhda7 6
2 11100100000000010111111011111 16
28 43rmi7n 7
27 54e2fn9 30
20 2b27jbd 11
35 wfyn7j 2
11 50a38a021 15
7 102662343441 35
4 130202231210220 30
27 371ogjj 30
21 5dd4h78 31
31 10t0emp 32
20 hd1482h 29
2 100100000111011010100000000000 31
27 437b2bl 2
5 12331130203243 20
13 20b545732 11
14 18c20dd2 11
17 1aec023c 25
2 1001110011000000111000001101001 7
16 450a3d3 6
9 4626655323 25
24 am36h98 23
29 qls0ml 32
4 1113013222023011 30
20 bdd091f 34
22 fcakgcf 9
8 11245206251 14
16 74fb412e 20
12 196017727 19
9 5432224460 13
17 d83be40 33
23 69i0877 9
2 10010010011001000001000 7
34 17wf241 23
21 gd01361 12
18 340cd62d 10
6 453232131152 7
35 symo7n 15
26 64d7iam 34
11 535554877 11
24 3mk539 15
2 1010001110001110010011011110001 25
30 259hqfd 12
33 tqows0 4
22 eba22d 7
11 366005a76 36
31 2ctbb4t 30
17 2gfc7gc6 3
16 53a18e6b 21
13 10b5965b6 31
20 6689439 29
17 391c0cc7 12
15 9a3eae1b 24
27 51om582 36
25 70baj27 7
28 11f5pe9 23
8 302375502 14
24 5kkn0ef 23
23 bcm9cbe 28
12 12040526a 7
3 12022021121001211122 31
30 28808jk 16
23 310mk88 4
16 4172dce0 31
6 221540103323 34
22 ehd55ij 31
3 1120102002022012022 10
6 524331255201 31
6 514455420354 20
20 12j726ea 24
25 5cfi8l9 5
11 987338170 15
31 9hohed 27
10 2026008959 3
11 475432368 13
18 255adf9g 18
34 sw0pmx 29
17 2157a894 10
18 218b8270 14
35 1128hwp 3
8 14720412253 29
35 3yon69 34
15 1ba4d8c5 14
33 5pf5js 9
28 odj94c 9
23 799k6d8 32
14 4d0b8795 15
17 53bfbd0f 18
23 mlk595 18
25 2oji8en 25
34 14u4o12 13
27 f1hoej 13
6 454402045441 3
34 vf1ja4 34
22 76h6kh3 13
14 11dbda32b 10
28 13h3brm 8
2 111010110110111101000010001100 26
26 3d9261l 24
32 1s1eevh 33
29 1b24jh4 11
24 402a28h 19
14 80c51218 31
26 3e2gh4a 8
16 1791ad1e 30
15 a65b00e7 13
20 1agcb5dh 2
11 8a6265221 34
17 cedg413 7
12 15a78371a 18
36 32duto 13
6 533011533135 36
11 799222306 35
19 1b7eb0e2 2
8 2371564071 19
26 6kb7k76 30
24 3m38780 33
34 1313m7o 36
13 238863207 25
36 vicxou 13
22 h0dhd75 35
26 242m8n2 8
33 1b6ml4k 11
19 15e3i2ae 2
27 dd5ham 28
26 15phk83 28
6 343201134210 17
24 18b1eb3 11
24 30b8hf0 26
18 1bdagh9h 3
24 4f3n29b 11
33 d86mnj 3
31 e7fnct 29
30 16km7qp 32
3 10112102200212021 3
36 osjz95 12
3 10000102212112221102 31
36 o3lf2v 36
27 ofioqg 32
22 cbiikfe 23
9 1356505631 3
23 9k9jaj 21
21 1346j12g 20
30 13gsrd2 26
36 vic0wa 15
10 1897542200 4
36 7zubl7 3
10 113280572 11
3 11210220100122212101 30
3 1010201210011122201 11
22 3dkh4f5 3
3 10102210112102202111 2
36 uepv8w 19
12 25163a965 5
35 8p5le7 33
9 2100155175 13
31 r6t4gu 30
35 4cenq8 15
21 a38h606 7
20 hh08de4 32
13 10c36483c 8
22 5k85915 21
25 3ol49bk 16
36 6qnofg 11
18 ab66403 31
9 1140085177 2
11 49264862a 21
20 bdgfg6g 21
6 220121051522 27
33 12oq2mt 3
36 hs4b4a 7
6 521313550125 13
16 75ddb87b 30
31 2ah0dg2 25
24 6h5emhm 24
28 1m0m9pj 35
32 1l0f7h7 17
14 8931a050 27
13 21aaccb48 34
10 1788563724 5
6 331324002515 20
16 59de6d1e 18
19 1851gcgd 11
22 75d144i 35
17 9dd722a 26
9 3372722556 3
27 37jkba7 22
10 1684609671 30
4 201031230321303 14
19 854fa2i 10
26 1jpidfc 22
19 fd8i16g 26
34 32s5nj 14
4 1321133212220213 28
30 2j7q1sj 35
22 ca65ke2 5
5 13113304011002 9
4 211223310111302 5
33 1insrdp 2
27 29p4n94 34
2 1101100000110000111010110000100 23
19 1a597fid 22
14 7aa9594c 8
36 65hnrs 17
3 10222011001210211211 18
2 101001000101110010000111001 31
19 1bcdhge4 27
29 fd7h22 6
12 338b83499 8
14 13117aa79 23
36 7r7uqz 17
18 10deh4ed 9
27 3448e5n 9
15 6dc40283 7
6 515334245312 11
12 3b5271ba5 32
25 362c67k 33
6 105444433505 26
7 41412534526 19
36 tbnmxf 33
24 b17gmmi 29
2 1110110100001110110101110001011 7
11 498933126 23
22 4e28b83 4
19 25cggf0 21
35 qedegk 29
6 251225450140 24
3 11110201102002102000 32
17 1g7ca0b6 36
2 11100011110000110111101000110 27
32 q9fcq2 9
10 1087590321 10
27 3fe37q8 26
16 57582af 12
20 gi85c4h 28
21 75ehf73 10
30 1f9093t 7
26 4fc68fa 13
12 18790991a 21
28 3and3g9 11
23 85ke5h9 14
24 6e1lej8 15
10 1252276356 12
33 138glun 16
33 eenosq 2
14 a392535b 6
19 1h6id3fg 13
12 3355345a6 27
7 62350455022 14
3 10211112212100000220 27
22 30jikb7 18
14 c9ba2c38 10
32 1gip9m6 25
14 d7a180a3 20
34 17r0n47 24
9 366047418 29
11 68a720489 34
34 e5oa1b 4
5 3144010242103 28
8 5625715373 14
30 ci0ss8 23
4 1002311230011301 27
3 11102111122020122 29
31 1tqubtu 20
24 6c8cfab 27
7 24200052420 13
12 122311870 34
9 2326013845 21
9 712812683 18
17 g4789g0 30
34 6ufxgs 29
29 22i3a0j 20
29 nla703 11
8 11402010724 4
25 6kohbld 18
6 50502503241 23
29 133o96n 26
2 10000110011110011000100010110 6
17 285d5698 29
16 7f8cb807 22
11 320771123 29
23 4eb2jb6 14
9 415671115 25
12 1b1958279 27
4 221131111022323 11
11 421990620 31
7 21154630430 16
4 113200120111031 24
33 19svhr8 36
3 2222201121020102221 29
7 32504515536 5
34 tnprqp 26
22 88hje2 19
30 1q7mg5j 21
29 9dnn34 20
6 333135421545 30
29 nmpmi 13
17 3efcdc90 27
35 sdgacy 32
30 21j2tst 19
15 3479d956 16
13 273958857 13
29 c6qck7 15
23 46la09 4
9 5021345846 32
14 4a13758c 2
26 5bie38o 10
36 58p6qo 11
28 3lboddf 20
25 5h4g69o 23
2 1110001111110010010101001111 31
16 7be15d87 22
7 31021626342 15
5 12240412404234 2
20 1469ha78 28
4 1120102011011032 24
22 abalfb5 27
27 46ieg5o 20
7 61542616116 24
17 1e901d00 24
18 307513c3 29
15 9b39c31a 19
3 10202211022200212201 15
5 3321023240432 12
25 7h5ljd0 5
36 atag8e 16
27 2ak89ba 30
29 34m84ms 4
17 23d035d 35
20 g7hii3c 10
12 129238804 32
33 b6vav9 28
2 1101010111100100111110110110011 23
2 11101010010111101110110101110 32
14 dca2225 36
24 1em59ib 16
30 1lkoo7i 12
14 107871940 20
6 135450500000 17
25 8ef7m3f 2
5 11130043103114 21
14 59c38d1 12
36 udx449 28
2 101001100111111000000000111110 26
4 1021223332022020 31
28 1gp129a 3
25 42n96og 5
15 6712ee44 22
4 112313000202011 3
15 c0c49cd9 3
8 2161765346 19
7 12320456535 20
30 2qe9c5a 31
26 4h37j2c 26
20 ih4hi8g 15
10 1911788359 29
34 g4o1j4 24
4 321100112232002 33
10 104246044 22
19 1ie13h73 31
13 2401897aa 24
33 1651f69 3
31 6660pq 28
30 1rg788p 25
22 1lllfl4 8
23 47a5bl 9
14 780a2347 30
17 21e68f9d 29
19 924f5b8 6
2 1101000100010011010111111000101 19
18 1700f105 13
10 302164548 31
10 1947117741 30
4 33003000230011 13
19 23870f8f 3
12 1340ba0a0 15
14 12c827b4a 25
13 a1337792 34
36 pfxkud 36
3 11201212000011021022 12
14 6004b92d 12
6 534011335305 27
33 knbuob 31
20 fff5de4 8
9 2154247511 23
33 1k8svhj 14
2 100101011001101011101101011001 27
8 15323134135 7
29 2ndfgbm 35
31 5otuhe 18
8 14315726066 11
25 3dfnee9 24
9 2508852060 19
5 10040413133031 3
4 222311333203230 14
29 7ho22q 15
33 a0tevm 36
24 8h6k6j4 4
6 354534120255 18
31 n825q3 8
17 ge11ge0 27
23 dekfh0h 13
15 85661d43 29
30 2np6ffo 23
34 r5dwa6 4
10 699457919 32
23 16ee2k3 9
16 6d2e0e9f 23
25 89hhmfi 36
2 1100011100011001010100100100100 17
29 30e2471 21
35 pxvluo 6
4 21021333311301 10
30 23k2c92 22
34 b0g6tr 7
5 12041443114321 7
25 4k2f1ib 31
19 1387b19f 32
5 10343101410433 17
24 3bc3k5 4
19 11308f90 31
9 2107180034 9
26 39nd65i 13
4 333103300203203 10
22 3ge4h4l 17
22 egcd6b8 36
34 ba3hom 14
12 439333801 34
2 110001100011010111100011001111 29
7 55304046230 31
8 12122771457 13
15 a4b7a924 36
6 242010442551 8
34 kbp6q1 5
7 51440352645 12
23 4592h0h 29
30 gho408 14
8 4231716251 17
32 u67bgo 24
11 850707746 28
21 12dfab28 11
9 3056701173 11
12 146853027 19
34 o4xdho 22
9 4577874081 29
33 r43mpd 25
18 9965841 19
10 2051111907 18
15 8c9a0ba8 20
27 43fomoa 8
11 478397531 31
2 1110011100111010101111101011110 29
13 1ab734714 27
34 15fcr7l 31
15 346728eb 32
9 1112705165 34
24 37gmfn 15
34 cqfpnd 21
33 11i4jmt 20
33 peqnmt 34
29 15c60m7 21
17 3a1f0d0a 35
22 i1e31gi 9
8 6622763447 18
26 6b7498o 5
21 5aafe4 25
18 121c2g27 35
16 5e69f86d 4
25 1c3mn2h 30
36 usgoy 20
15 40c72e45 22
12 348674bb6 16
27 3mnj4dj 11
31 1tomb1u 12
29 375ek6i 36
15 8058ad9b 8
20 i95heg9 27
20 5g6h728 21
15 99d8808c 13
19 137h6i4c 28
20 1a32eef2 7
13 37885c15 8
11 91a2868a7 26
9 838345674 12
18 66h66f1 9
34 17cj93b 23
2 110101111100010101110010010000 23
6 353535140354 29
36 mx2o5j 32
15 2ccad4b0 36
25 c666fn 28
9 3532514737 29
26 3926490 2
6 15503141423 13
26 2hlpehm 17
12 10a25b906 35
12 319b34485 8
23 4gbf64 36
9 1250487516 20
9 5315446742 30
17 3ga15g0g 23
22 6jdjb1 20
12 1767881b2 35
36 iyz9ky 21
18 3440gfd8 21
14 8766aca0 17
6 224532413054 36
29 3fjp4mj 31
29 f8lb7c 33
12 24947b989 28
15 ba8877ac 2
33 77ekef 18
34 1808c6k 17
11 417754102 15
16 41cbfa9a 28
18 124954f0 2
10 1471629 22
31 m0q3qb 28
5 13240000400444 30
29 fmagj8 18
20 1994j8b0 15
15 15861cb 29
32 1nvppoj 20
8 3672536443 7
23 5h6cah9 15
24 5cd1n36 11
14 2162287 12
9 2826576450 34
25 4fdc7cj 22
20 ggia8gi 22
5 1022303041000 4
35 qgpqe4 2
6 202403435243 6
7 4025145344 5
31 13a0rjo 23
34 i9h189 35
27 l262p4 11
32 asojmn 25
16 5fb5f7ef 3
9 1734711884 2
20 89gejf1 23
7 34010463066 5
3 10201212011221012012 35
13 69498b9b 33
9 654323341 28
13 20a561c46 11
26 3n3f357 4
31 u41fpj 7
11 5846521a1 20
3 11220211010022021202 35
6 410111514220 2
7 33010266416 36
25 8egfh3k 16
5 10004243423411 4
17 1d0c2539 12
22 9cbi9he 4
28 45gnn71 31
33 a9pb51 22
20 11cjcb6j 15
20 d3c4efh 32
10 855234728 33
17 cd39d3a 34
7 44200111040 17
28 373ao2q 25
17 3f3ge198 29
24 215ikcg 17
3 1210110122221102012 33
8 5505354176 27
12 31a2b4016 18
13 c75a0463 22
9 4270200325 24
16 5b8a59d3 16
33 lvblkr 30
