1 68 +68 +68 +68
2 59 +59 +59 +59
3 220 -92 -35 -36
4 138 -10 -117 -118
5 110 +110 +110 +110
6 9 +9 +9 +9
7 61 +61 +61 +61
8 188 -60 -67 -68
9 65 +65 +65 +65
10 234 -106 -21 -22
11 13 +13 +13 +13
12 1 +1 +1 +1
13 172 -44 -83 -84
14 22 +22 +22 +22
15 221 -93 -34 -35
16 175 -47 -80 -81
17 178 -50 -77 -78
18 249 -121 -6 -7
19 219 -91 -36 -37
20 102 +102 +102 +102
21 81 +81 +81 +81
22 198 -70 -57 -58
23 40 +40 +40 +40
24 252 -124 -3 -4
25 185 -57 -70 -71
26 76 +76 +76 +76
27 78 +78 +78 +78
28 244 -116 -11 -12
29 208 -80 -47 -48
30 99 +99 +99 +99
31 126 +126 +126 +126
32 209 -81 -46 -47
33 71 +71 +71 +71
34 196 -68 -59 -60
35 190 -62 -65 -66
36 194 -66 -61 -62
37 167 -39 -88 -89
38 69 +69 +69 +69
39 92 +92 +92 +92
40 176 -48 -79 -80
41 10 +10 +10 +10
42 60 +60 +60 +60
43 80 +80 +80 +80
44 115 +115 +115 +115
45 42 +42 +42 +42
46 39 +39 +39 +39
47 247 -119 -8 -9
48 162 -34 -93 -94
49 164 -36 -91 -92
50 238 -110 -17 -18
51 82 +82 +82 +82
52 159 -31 -96 -97
53 45 +45 +45 +45
54 129 -1 -126 -127
55 119 +119 +119 +119
56 229 -101 -26 -27
57 228 -100 -27 -28
58 241 -113 -14 -15
59 64 +64 +64 +64
60 215 -87 -40 -41
61 186 -58 -69 -70
62 70 +70 +70 +70
63 216 -88 -39 -40
64 211 -83 -44 -45
65 145 -17 -110 -111
66 18 +18 +18 +18
67 237 -109 -18 -19
68 155 -27 -100 -101
69 12 +12 +12 +12
70 116 +116 +116 +116
71 31 +31 +31 +31
72 121 +121 +121 +121
73 33 +33 +33 +33
74 180 -52 -75 -76
75 210 -82 -45 -46
76 111 +111 +111 +111
77 113 +113 +113 +113
78 168 -40 -87 -88
79 79 +79 +79 +79
80 218 -90 -37 -38
81 109 +109 +109 +109
82 143 -15 -112 -113
83 11 +11 +11 +11
84 15 +15 +15 +15
85 44 +44 +44 +44
86 158 -30 -97 -98
87 161 -33 -94 -95
88 223 -95 -32 -33
89 250 -122 -5 -6
90 152 -24 -103 -104
91 114 +114 +114 +114
92 233 -105 -22 -23
93 55 +55 +55 +55
94 53 +53 +53 +53
95 187 -59 -68 -69
96 189 -61 -66 -67
97 183 -55 -72 -73
98 85 +85 +85 +85
99 3 +3 +3 +3
100 253 -125 -2 -3
101 50 +50 +50 +50
102 191 -63 -64 -65
103 205 -77 -50 -51
104 232 -104 -23 -24
105 204 -76 -51 -52
106 170 -42 -85 -86
107 14 +14 +14 +14
108 36 +36 +36 +36
109 147 -19 -108 -109
110 91 +91 +91 +91
111 96 +96 +96 +96
112 46 +46 +46 +46
113 27 +27 +27 +27
114 87 +87 +87 +87
115 227 -99 -28 -29
116 8 +8 +8 +8
117 154 -26 -101 -102
118 144 -16 -111 -112
119 62 +62 +62 +62
120 236 -108 -19 -20
121 207 -79 -48 -49
122 124 +124 +124 +124
123 193 -65 -62 -63
124 130 -2 -125 -126
125 206 -78 -49 -50
126 100 +100 +100 +100
127 73 +73 +73 +73
128 98 +98 +98 +98
129 86 +86 +86 +86
130 150 -22 -105 -106
131 230 -102 -25 -26
132 16 +16 +16 +16
133 7 +7 +7 +7
134 84 +84 +84 +84
135 201 -73 -54 -55
136 49 +49 +49 +49
137 4 +4 +4 +4
138 160 -32 -95 -96
139 200 -72 -55 -56
140 142 -14 -113 -114
141 132 -4 -123 -124
142 95 +95 +95 +95
143 35 +35 +35 +35
144 17 +17 +17 +17
145 51 +51 +51 +51
146 123 +123 +123 +123
147 225 -97 -30 -31
148 24 +24 +24 +24
149 173 -45 -82 -83
150 108 +108 +108 +108
151 254 -126 -1 -2
152 101 +101 +101 +101
153 135 -7 -120 -121
154 192 -64 -63 -64
155 103 +103 +103 +103
156 195 -67 -60 -61
157 133 -5 -122 -123
158 182 -54 -73 -74
159 52 +52 +52 +52
160 239 -111 -16 -17
161 19 +19 +19 +19
162 29 +29 +29 +29
163 179 -51 -76 -77
164 37 +37 +37 +37
165 30 +30 +30 +30
166 75 +75 +75 +75
167 117 +117 +117 +117
168 20 +20 +20 +20
169 240 -112 -15 -16
170 58 +58 +58 +58
171 141 -13 -114 -115
172 106 +106 +106 +106
173 23 +23 +23 +23
174 136 -8 -119 -120
175 125 +125 +125 +125
176 203 -75 -52 -53
177 149 -21 -106 -107
178 197 -69 -58 -59
179 41 +41 +41 +41
180 47 +47 +47 +47
181 153 -25 -102 -103
182 34 +34 +34 +34
183 28 +28 +28 +28
184 181 -53 -74 -75
185 131 -3 -124 -125
186 74 +74 +74 +74
187 21 +21 +21 +21
188 243 -115 -12 -13
189 128 -0 -127 -128
190 140 -12 -115 -116
191 202 -74 -53 -54
192 104 +104 +104 +104
193 184 -56 -71 -72
194 255 -127 -0 -1
195 146 -18 -109 -110
196 72 +72 +72 +72
197 217 -89 -38 -39
198 5 +5 +5 +5
199 163 -35 -92 -93
200 231 -103 -24 -25
201 57 +57 +57 +57
202 139 -11 -116 -117
203 169 -41 -86 -87
204 107 +107 +107 +107
205 224 -96 -31 -32
206 90 +90 +90 +90
207 251 -123 -4 -5
208 0 +0 +0 +0
209 32 +32 +32 +32
210 48 +48 +48 +48
211 83 +83 +83 +83
212 148 -20 -107 -108
213 127 +127 +127 +127
214 89 +89 +89 +89
215 63 +63 +63 +63
216 171 -43 -84 -85
217 105 +105 +105 +105
218 97 +97 +97 +97
219 246 -118 -9 -10
220 54 +54 +54 +54
221 118 +118 +118 +118
222 222 -94 -33 -34
223 38 +38 +38 +38
224 199 -71 -56 -57
225 77 +77 +77 +77
226 120 +120 +120 +120
227 43 +43 +43 +43
228 25 +25 +25 +25
229 94 +94 +94 +94
230 214 -86 -41 -42
231 166 -38 -89 -90
232 157 -29 -98 -99
233 137 -9 -118 -119
234 226 -98 -29 -30
235 6 +6 +6 +6
236 165 -37 -90 -91
237 122 +122 +122 +122
238 67 +67 +67 +67
239 2 +2 +2 +2
240 93 +93 +93 +93
241 213 -85 -42 -43
242 177 -49 -78 -79
243 245 -117 -10 -11
244 156 -28 -99 -100
245 151 -23 -104 -105
246 134 -6 -121 -122
247 112 +112 +112 +112
248 242 -114 -13 -14
249 235 -107 -20 -21
250 66 +66 +66 +66
251 56 +56 +56 +56
252 26 +26 +26 +26
253 248 -120 -7 -8
254 174 -46 -81 -82
255 88 +88 +88 +88
256 212 -84 -43 -44
